|  id |      a       |      b       |      c       |
     0    0.00000e+00    0.00000e+00   -5.35360e-01
     5    0.00000e+00    0.00000e+00    1.45108e-01
     7    0.00000e+00    0.00000e+00   -4.59717e-01
    14    0.00000e+00    0.00000e+00   -1.20644e-01
     1    0.00000e+00    0.00000e+00    3.13389e-01
     3    0.00000e+00    0.00000e+00   -4.96218e-02
     8    0.00000e+00    0.00000e+00    1.78797e-01
     9    0.00000e+00    0.00000e+00    2.01071e-01
     2    0.00000e+00    0.00000e+00   -3.02614e-02
    12    0.00000e+00    0.00000e+00   -2.90918e-01
    17    0.00000e+00    0.00000e+00   -3.62060e-01
    19    0.00000e+00    0.00000e+00    3.22962e-01
    11    0.00000e+00    0.00000e+00    4.96218e-02
     4    0.00000e+00    0.00000e+00   -1.21367e+00
    21    0.00000e+00    0.00000e+00    1.67117e-01
     6    0.00000e+00    0.00000e+00    1.96352e-01
    16    0.00000e+00    0.00000e+00   -5.87212e-01
    15    0.00000e+00    0.00000e+00    4.85235e-01
    18    0.00000e+00    0.00000e+00    1.18412e-01
    13    0.00000e+00    0.00000e+00   -2.30134e-01
    20    0.00000e+00    0.00000e+00    8.10171e-02
    22    0.00000e+00    0.00000e+00   -6.84639e-01
