Name,glon,glat,θ,EMff,EMff_err,τ250,τ250_err,Td,Td_err,βd,βd_err,ΔTCMB,ΔTCMB_err,Asp,Asp_err,σAME,νsp,νsp_err,fUCH_max,G0,G0_err,S_28.4_resid,S_28.4_resid_err,S_28.4_resid/S_100um,S_28.4_resid/S_100um_err,Chi^2
G004.24+18.09,4.24,18.09,2,1,1.8,1,0.1,17.1,10.3,1.7,0.05,-16,1,6.2,0.4,15.6,29,0.9,0,0.88,0.09,5.3,0.7,16.2,3.4,1.35
G005.40+36.50,5.4,36.5,1.5,0.9,1.5,2.5,0.3,14,10.3,1.99,0.06,40,2,2.1,0.1,18.7,25.9,2.3,0,0.27,0.04,1.7,0.3,8,1.9,1.09
G008.51-00.31,8.51,-0.31,2,1338,13643,30,34.7,19.1,10.7,2.02,0.08,198,220,54,28,1.9,,,,1.7,0.3,46,54,1.3,1.5,0.16
G010.19-00.32,10.19,-0.32,1.2,2067,20502,37.8,35.1,19.7,10.6,2.05,0.07,335,189,80,23,3.4,26,2.1,1.01,2,0.4,67,42,1.1,0.7,0.25
G012.80-00.19,12.8,-0.19,1.7,2414,24473,46.4,413.5,19.5,11.2,2.03,0.1,344,230,85,31,2.7,26,2.2,0.47,1.9,0.7,71,39,1,0.6,0.14
G015.06-00.69,15.06,-0.69,0.4,7472,74506,29.5,23.4,20.6,20.5,2.1,0.11,533,251,77,40,1.9,,,,2.6,0.4,60,44,0.9,0.7,0.22
G017.00+00.85,17,0.85,0.6,869,8130,22.3,210.8,18.2,11.6,2.08,0.18,75,109,68,12,5.3,35,6.2,0.03,1.3,0.7,58,18,3.2,1.3,0.87
G023.47+08.19,23.47,8.19,1.5,1.6,1,4.8,0.5,13.9,10.2,1.97,0.07,33,4,4.2,0.5,8.5,23,5.7,0,0.26,0.02,3.2,0.6,9.8,2.5,1.38
G028.79+03.49,28.79,3.49,0.3,512,538,3.3,0.2,22.9,20.3,1.49,0.05,-100,-27,0.6,3,0.2,,,,5.1,0.4,-0.7,-3.8,-0.1,-0.4,1.77
G030.77-00.03,30.77,-0.03,1.1,4730,47255,46.2,43.3,21.4,20.3,1.93,0.06,603,180,194,122,8.5,28.5,0.4,0.37,3.4,0.3,166,29,1.5,0.3,0.76
G035.20-01.74,35.2,-1.74,2,713,7129,13,11.8,19,10.5,1.74,0.12,4,101,21,11,2,,,,1.6,0.3,16,14,1.4,1.2,0.06
G037.79-00.11,37.79,-0.11,1.3,1768,17348,27,28.5,19.7,11.3,1.9,0.1,184,157,61,18,3.4,25.5,2.8,0.35,2,0.8,49,29,1.3,0.8,0.36
G040.52+02.53,40.52,2.53,0.6,231,237,2.4,0.5,20.6,21,1.67,0.15,9,37,1,4.1,0.2,,,,2.7,0.8,1.1,4.9,0.3,1.3,0.09
G043.20-00.10,43.2,-0.1,1.1,1433,14100,18.4,15.1,19.4,11.1,1.88,0.09,187,74,50.5,9.4,5.4,26,2.2,1.23,1.9,0.6,39,12,1.8,0.6,0.37
G045.47+00.06,45.47,0.06,1.8,748,770,9.1,0.6,21.4,20.4,1.63,0.07,97,67,39.1,6.6,5.9,27.3,0.8,0.8,3.3,0.3,33.4,39.5,2.2,0.7,0.75
G053.63+00.19,53.63,0.19,1.9,625,649,5.9,0.6,20.4,20.4,1.7,0.07,44,38,17,4.6,3.7,27,1.1,0.57,2.5,0.3,14.2,16.1,1.6,0.7,0.3
G059.42-00.21,59.42,-0.21,1.1,294,227,6.8,2.3,18.3,11.2,1.92,0.12,-26,22,18,2.6,7,26.8,1.3,0.37,1.3,0.5,14.6,13.9,2.6,0.8,0.71
G061.47+00.11,61.47,0.11,1.2,328,323,2.4,0.8,21.8,21.6,1.59,0.12,4,22,4.7,2.5,1.9,,,,3.7,1.7,3.9,3.8,0.8,0.7,0.58
G062.98+00.05,62.98,0.05,1.2,201,214,3.5,1.1,18.9,11.1,1.82,0.1,38,12,9.8,1.3,7.5,25.7,2.5,0.25,1.6,0.6,8.1,2,2.3,0.7,1.45
G068.16+01.02,68.16,1.02,0.8,187,113,0.9,0.2,20.6,20.9,1.89,0.2,40,12,0,0,,,,,2.7,0.7,0,2,0,1.2,0.22
G071.59+02.85,71.59,2.85,1,286,251,2,1.2,19.9,12.5,1.75,0.24,-5,34,9.2,5,1.8,,,,2.2,1.6,7.8,6.3,3,2.5,0.06
G075.81+00.39,75.81,0.39,0.7,423,450,4.4,0.7,19.3,10.7,1.72,0.08,118,36,12.4,4.9,2.5,26.8,1.3,1.07,1.8,0.4,9,6.1,2,1.4,0.11
G076.38-00.62,76.38,-0.62,2,138,142,1.8,0.8,20.8,22.3,2.2,0.36,52,39,0,0,,,,,2.8,1.9,2.2,8.1,0.4,1.5,0.35
G081.59+00.01,81.59,0.01,1,3726,37304,7.1,2,24.1,21.6,1.67,0.1,140,139,32,25,1.3,,,,6.9,2.7,25,29,0.8,1,0.21
G093.02+02.76,93.02,2.76,0.8,614,649,2.9,0.3,20.4,20.4,1.58,0.09,-23,35,5.9,3.8,1.6,,,,2.5,0.3,4.7,4.7,1.1,1.2,0.18
G094.47-01.53,94.47,-1.53,0.8,270,233,0.6,0.3,20.9,22.6, , ,-3,23,1.5,2.4,0.6,,,,2.9,2.2,1.3,3,1,2.5,0.07
G098.00+01.47,98,1.47,0.5,155,114,0.9,0.3,19.2,11.2,1.73,0.12,5,9,7.6,1.2,6.1,35.1,6.3,0.47,1.8,0.7,6.1,1.6,6.3,1.9,0.46
G099.60+03.70,99.6,3.7,2,544,524,0.6,0.2,21.5,21.4,2.09,0.22,-41,16,1.4,2.3,0.6,,,,3.4,1.4,0.1,2.3,0.1,1.3,0.33
G102.88-00.69,102.88,-0.69,0.6,372,327,1.3,0.3,20.7,20.9,1.64,0.13,-60,17,5.4,2.1,2.5,32.3,3.9,0.02,2.7,0.7,4.6,2.7,2.1,1.3,0.38
G107.20+05.20,107.2,5.2,1,258,219,3,0.3,20.2,20.4,1.87,0.08,59,17,16.3,1.6,9.9,29.2,1.1,1.03,2.4,0.3,13.9,12.1,2.7,0.5,0.94
G109.01+00.00,109.01,0,1.1,51,11,1.3,0.4,19.5,11.1,1.81,0.16,-18,9,3.7,2.4,1.5,,,,1.9,0.6,2.3,1.9,1.4,1.2,0.1
G110.25+02.58,110.25,2.58,0.8,296,223,1,0.3,25.6,22.1,1.52,0.1,-42,18,6.9,2,3.4,40,40,5.41,9.7,4.7,4.5,2.8,0.8,0.5,0.24
G118.09+04.96,118.09,4.96,0.8,1295,1222,1.4,0.1,24,20.4,1.81,0.09,26,16,0,0,,,,,6.6,0.7,-1.1,-3.5,-0.2,-0.5,0.49
G123.13-06.27,123.13,-6.27,0.4,182,113,0.7,0.1,20.5,20.4,1.65,0.09,11,6,2,1.1,1.8,,,,2.6,0.3,1.5,1.1,1.4,1.1,0.37
G133.27+09.05,133.27,9.05,1.3,25,3,4.5,0.3,14.5,10.2,1.83,0.06,8,8,3.4,0.4,8.5,24.3,4.1,0.08,0.32,0.03,2.7,0.9,6.2,2.2,0.13
G133.74+01.22,133.74,1.22,0.6,2155,21116,3.3,0.8,25.3,21.5,1.67,0.08,53,56,14.8,9.8,1.5,,,,9.2,3.3,10,10,0.5,0.5,0.97
G142.35+01.35,142.35,1.35,1.9,0,10,4.4,1.3,16.8,10.9,1.76,0.1,37,10,6.7,0.7,9.5,24.8,3.5,0.07,0.8,0.3,5.3,2.1,3.6,1.5,0.45
G151.62-00.28,151.62,-0.28,1,348,330,1.3,0.1,21,20.4,1.38,0.08,8,23,3.6,2.3,1.5,,,,3,0.3,2.8,2.9,1.5,1.6,0.21
G158.40-20.60,158.4,-20.6,2,0,11,3.6,0.2,15.5,10.1,1.74,0.06,56,11,5.3,0.3,16.3,26.6,1.6,0.26,0.49,0.03,4.4,1.3,6.9,2.2,1.69
G160.26-18.62,160.26,-18.62,1.5,66,6,4.6,0.3,17.4,10.2,1.92,0.06,51,8,13.3,0.8,17.4,27.8,0.3,0.04,0.98,0.07,12,11.2,4.4,0.7,0.7
G160.60-12.05,160.6,-12.05,1.4,379,319,0.5,0.2,21.7,21.6,2.01,0.16,-8,10,8.3,1.6,5.1,50,50,0,3.7,1.7,3.8,1.9,2.6,1.3,0.33
G166.44-24.08,166.44,-24.08,1.4,11.2,11.5,0.5,0,22.7,20.4,1.77,0.06,14,1,0.9,0.2,4.3,20.8,8.5,0,4.7,0.6,0.5,0.2,0.3,0.2,0.58
G173.56-01.76,173.56,-1.76,0.5,401,432,0.4,0.2,22.7,22.1,1.68,0.17,-17,15,2.1,2.6,0.8,,,,4.8,2.7,1.9,2.9,1.6,2.5,0.39
G173.62+02.79,173.62,2.79,0.7,194,116,3.9,0.2,18.7,10.2,1.64,0.04,-6,12,7.9,1.4,5.6,26.2,1.9,1.22,1.47,0.09,6.5,1.9,2.2,0.7,0.36
G180.80+04.30,180.8,4.3,1.2,0.7,1.8,0.7,0.1,17.7,10.5,1.73,0.12,-14,7,2.9,0.2,13.2,25.5,2.7,0,1.08,0.17,2.6,0.5,6.9,1.6,1.13
G182.36+00.22,182.36,0.22,1,3.6,1.5,1.9,0.6,16.3,11,1.78,0.12,64,6,2.4,0.5,4.5,26.9,1.2,0.36,0.7,0.2,2,1.1,3.6,2,0.14
G190.00+00.46,190,0.46,0.5,278,219,3.5,0.2,19.4,10.2,1.67,0.05,46,15,11.5,1.6,7.4,27.7,0.3,0.58,1.83,0.12,9.7,2.1,2.6,0.7,0.91
G192.34-11.37,192.34,-11.37,1.5,8,6,1.4,0.4,17.3,11,1.93,0.12,25,5,9.1,0.7,12.3,30.2,2,0,0.9,0.3,7.6,1,11.7,12.3,2.46
G192.60-00.06,192.6,-0.06,1.1,65,8,1,0.3,20.8,21.5,1.83,0.14,-7,10,3.8,0.9,4.3,27.2,0.9,0.5,2.9,1.3,3.2,1.2,1.6,0.7,0.12
G201.62+01.63,201.62,1.63,0.8,161,116,1.4,0.2,18,10.6,2.11,0.17,90,12,9.6,1.3,7.4,27.4,0.7,0.06,1.2,0.2,7.9,1.5,6.3,1.5,0.88
G203.24+02.08,203.24,2.08,1.6,103,19,3.8,1,16.9,10.9,1.77,0.09,19,10,7.8,0.9,8.3,30.3,2.1,0.02,0.8,0.2,6.6,1.9,4.3,1.4,0.55
G204.70-11.80,204.7,-11.8,2,23,6,2.1,0.2,16.5,10.3,1.84,0.06,7,7,6.6,0.9,7.4,30.1,1.9,0,0.7,0.09,5.8,1.2,9.5,2.5,1.23
G208.80-02.65,208.8,-2.65,0.9,124,18,0.8,0.2,19,10.8,1.64,0.13,12,10,1.8,0.9,2,,,,1.7,0.4,1.6,1.5,2.2,2.1,0.26
G209.01-19.38,209.01,-19.38,0.3,4278,42226,14.8,11.2,21.2,20.3,2.13,0.09,371,102,32,18,1.8,,,,3.1,0.3,24,19,0.5,0.4,1.13
G211.98-01.17,211.98,-1.17,0.8,164,110,0.8,0.1,20.4,20.4,1.65,0.09,59,8,4.8,0.9,5.5,27.3,0.8,0.14,2.5,0.3,3.9,1.1,3.4,1.1,0.94
G213.71-12.60,213.71,-12.6,0.6,68,5,2.7,0.2,20.1,20.2,1.73,0.05,13,8,7.6,0.5,14.9,27,1.1,3.93,2.31,0.17,6.5,1,1.4,0.3,1.45
G218.05-00.38,218.05,-0.38,1.2,10.3,11.4,0.8,0.3,19.9,11.4,1.51,0.12,-13,5,3.7,0.4,9.4,25.9,2.3,0.52,2.2,0.9,3.3,1.1,4.1,1.5,2.6
G219.18-08.93,219.18,-8.93,0.5,0.6,1.1,1.7,0.1,16.2,10.2,1.86,0.04,0,2,2,0.1,18.9,23.3,5.2,0,0.64,0.04,1.5,0.2,2.9,0.6,1.64
G231.83-02.00,231.83,-2,1.4,13.7,11,1.7,0.2,16.8,10.4,1.5,0.07,36,6,3.4,0.3,11.4,26.5,1.6,0.03,0.79,0.12,2.9,1.1,6.5,2.7,0.6
G234.20-00.20,234.2,-0.2,0.8,87,5,2.5,0.2,18.5,10.3,1.63,0.07,-46,8,8.2,0.6,14.5,26.3,1.8,0.05,1.38,0.14,6.8,1.3,4.3,1,1.25
G239.40-04.70,239.4,-4.7,1.6,80,4,1.4,0.1,17.3,10.4,1.89,0.14,18,8,5.2,0.5,9.9,30.7,2.5,0,0.93,0.14,4.5,0.9,6.2,1.5,0.95
G243.16+00.42,243.16,0.42,0.3,171,110,0.4,0.1,21.5,21.1,1.83,0.16,-2,6,3.6,0.8,4.2,29.5,1.4,0,3.4,1,3,1,2.8,1,0.56
G247.60-12.40,247.6,-12.4,1.2,10.3,11.4,0.5,0,18.8,10.5,1.59,0.13,-5,4,3.6,0.3,14,27.3,0.8,0,1.6,0.2,3,0.6,8.3,1.9,0.79
G253.80-00.20,253.8,-0.2,0.9,227,213,2.2,0.2,19.3,10.3,1.63,0.07,61,13,10.2,1.1,9.5,28.7,0.6,0.31,1.81,0.15,8.8,1.7,4.3,1,0.57
G259.30-13.50,259.3,-13.5,1.1,33,32,0.3,0,19.8,10.4,1.68,0.07,7,3,2.9,0.3,10.5,27.9,0.2,0,2.1,0.3,2.7,0.4,7.1,1.5,1.1
G260.50+00.40,260.5,0.4,2,243,216,2.9,0.4,18.7,10.6,1.7,0.07,58,14,6.4,1.9,3.3,23.9,4.6,0.1,1.5,0.3,4.8,2.4,2.1,1.1,0.15
G265.15+01.45,265.15,1.45,0.5,360,341,2.5,0.3,21.7,20.8,1.48,0.16,-125,-100,8.2,9,0.9,,,,3.7,0.8,1.8,7.3,0.3,1.4,0.12
G267.95-01.06,267.95,-1.06,0.3,3170,31165,3.6,0.9,24,21.4,1.98,0.09,195,67,24,13,1.9,,,,6.6,2.3,19,14,0.9,0.7,0.7
G270.27+00.84,270.27,0.84,0.9,106,124,4.7,0.5,18,10.4,1.71,0.1,-32,28,7.5,3.4,2.2,24.3,4.1,0.34,1.18,0.16,6.3,4.6,2.2,1.7,0.04
G274.01-01.15,274.01,-1.15,0.1,332,318,0.4,0,25.7,21,1.65,0.17,-37,10,2.7,1.6,1.6,,,,10.1,2.4,1.8,2,0.7,0.7,0.41
G282.02-01.16,282.02,-1.16,1.1,1726,1782,6.6,0.6,23.1,20.5,1.47,0.05,8,61,29.8,6.8,4.4,28.9,0.8,0.56,5.3,0.7,23.5,28.8,1.3,0.5,0.43
G284.30-00.30,284.3,-0.3,0.7,4534,45249,6.7,0.6,24.2,20.6,1.71,0.1,215,135,47,20,2.4,31.9,3.6,0.64,7,1,35,22,1,0.7,0.49
G287.48-00.63,287.48,-0.63,0.7,8492,84322,6.3,0.4,25.8,20.4,1.89,0.1,350,134,52,27,2,,,,10.2,0.9,35,30,0.6,0.5,0.84
G289.80-01.15,289.8,-1.15,1.1,1250,12111,2.2,1,25.2,22.9,1.42,0.15,-76,96,0,0,,,,,8.9,6.2,-8,23,-0.8,-2.3,0.12
G291.63-00.52,291.63,-0.52,0.5,4456,44215,3.7,0.3,26.2,20.5,1.74,0.08,193,94,34,17,1.9,,,,11.2,1.3,24,19,0.8,0.7,0.51
G293.35-24.47,293.35,-24.47,2,15.2,10.8,0.4,0.1,18.1,10.5,1.5,0.07,30,3,1.4,0.2,8.9,23.7,4.8,0,1.2,0.2,1.1,0.3,4.7,1.7,0.41
G294.98-01.71,294.98,-1.71,0.6,1033,1066,2.3,1,23.3,22.4,1.62,0.16,62,50,12.6,6.2,2,33.6,5.1,0.63,5.6,3.4,9.1,8.7,1.1,1.1,0.1
G298.60-00.20,298.6,-0.2,0.8,2169,21103,6.8,1.6,22,21.2,1.73,0.07,137,59,28.1,8.8,3.2,26.6,1.6,0.82,4,1.3,22,10,1.2,0.6,0.23
G305.27+00.15,305.27,0.15,0.6,3090,30145,17.4,11.5,21.1,20.4,2.08,0.08,417,83,78,12,6.3,29.1,1,0.92,3.1,0.3,65,14,1.2,0.3,0.74
G311.94+00.12,311.94,0.12,2,2655,26174,21.3,21.9,21.7,20.4,1.71,0.05,25,121,67,15,4.2,25.4,2.8,0.51,3.6,0.4,53,19,1.1,0.4,0.18
G317.51-00.11,317.51,-0.11,2,2226,22141,19,11.6,20.7,20.4,1.78,0.06,178,95,56,12,4.6,27.7,0.4,0.67,2.8,0.3,47,15,1.4,0.5,0.15
G318.49-04.28,318.49,-4.28,1,102,117,2.9,0.3,17.2,10.3,1.99,0.11,46,15,8,1.5,5.2,30.8,2.6,0,0.92,0.1,6.6,2.1,4,1.4,0.58
G320.27-00.27,320.27,-0.27,1.5,1349,1391,10.5,11,22.6,20.5,1.66,0.05,134,64,53.3,7.9,6.8,27.3,0.8,0.69,4.6,0.6,44.3,410,1.6,0.4,0.63
G322.15+00.61,322.15,0.61,2,36,56,3.9,1.1,18.7,11.1,1.92,0.26,33,56,16,6.5,2.5,32.5,4.2,0.26,1.5,0.6,13,10,3.5,3.1,0.09
G327.30-00.50,327.3,-0.5,1.3,2882,28212,18.1,17.5,20.2,21.7,2.08,0.17,190,127,46,19,2.4,29.3,1.2,0.68,2.3,1.2,40,23,1.1,0.7,0.32
G336.90+00.00,336.9,0,1.5,4543,45308,29.6,22.8,22.7,20.5,1.82,0.06,-91,182,79,27,2.9,27.6,0.5,1.01,4.8,0.7,67,33,0.7,0.3,0.14
G343.48-00.04,343.48,-0.04,2,1491,14177,35.4,311.5,18.6,11.2,1.94,0.11,61,117,54,16,3.4,24.9,3.3,0.55,1.4,0.6,43,21,1.3,0.7,0.29
G344.75+23.97,344.75,23.97,2,12.1,10.8,0.3,0,20.3,20.4,1.86,0.07,-7,2,1.4,0.2,6,26.9,1.2,0,2.4,0.3,1.2,0.3,2.1,0.6,1.45
G345.40-00.94,345.4,-0.94,2,66,113,5.7,3.8,19.3,12.8,2.38,0.49,221,110,48,10,4.6,33.2,4.8,0.86,1.8,1.6,43,17,3.9,2.1,0.24
G348.73-00.75,348.73,-0.75,0.7,1956,19176,4.2,1.1,22.9,22.1,2.08,0.41,-24,122,10,15,0.7,,,,5,2.8,7,19,0.4,1,0.11
G351.29+00.68,351.29,0.68,0.5,3071,30239,13.1,11.8,22.3,20.7,2.04,0.12,290,169,25,23,1.1,,,,4.3,0.9,17,30,0.3,0.6,0.18
G351.31+17.28,351.31,17.28,2,161,112,0.9,0.4,25.4,22.6,1.69,0.15,4,13,7.5,1.4,5.3,28.5,0.4,0.01,9.4,5.7,6.5,2.2,1.1,0.4,0.24
G351.65-01.23,351.65,-1.23,1.8,443,4222,11.8,14.2,19.7,11.4,2.2,0.26,291,150,49,24,2.1,28.5,0.4,1.38,2,0.9,41,31,1.9,1.5,0.05
G353.05+16.90,353.05,16.9,0.9,11,2,6.5,1,21,20.7,1.78,0.05,121,13,22.2,0.7,29.8,30.5,2.3,0.23,3,0.6,20,21.9,1.5,0.2,0.8
G353.16+00.74,353.16,0.74,0.4,5725,57307,16.4,15.2,21.7,21.5,2.13,0.12,576,155,85,26,3.2,32.5,4.1,0.28,3.6,1.5,71,31,1.2,0.6,0.4
G353.97+15.79,353.97,15.79,2,31,6,4.7,1.5,18.7,11.2,1.69,0.1,-23,9,10.8,1,10.9,26.6,1.5,0.11,1.5,0.6,9,2.9,2.3,0.8,0.72
G355.44+00.11,355.44,0.11,1.9,1444,14478,41.6,413.1,18.3,11.1,2.12,0.12,338,198,69,23,2.9,26.1,2,0.22,1.3,0.5,56,39,1.4,1,0.25
G355.63+20.52,355.63,20.52,1.7,12,2,2.2,0.2,16.1,10.3,2.01,0.1,60,6,7.1,0.5,13.3,26.9,1.2,0,0.61,0.06,5.9,0.7,9,1.8,1.7

