# DUSTEM SED:  4*pi*nu*I_nu/NH (erg/s/H)
#
# Grain types 
# nr of grain types   nr of lambda
# lambda (microns)   SED(1)...SED(ntype)   SED total
#
# PAH0                PAH1                amCBEx              amCBEx              aSil                
   4.000000E-002   6.341001E-083   7.277389E-084   4.965961E-129   0.000000E+000   0.000000E+000   7.068740E-083
   4.065700E-002   2.520132E-082   2.896886E-083   3.039979E-127   0.000000E+000   0.000000E+000   2.809821E-082
   4.132500E-002   9.808823E-082   1.129353E-082   1.012031E-125   0.000000E+000   0.000000E+000   1.093818E-081
   4.200400E-002   3.739001E-081   4.312086E-082   2.708616E-124   0.000000E+000   0.000000E+000   4.170210E-081
   4.269400E-002   1.423453E-080   1.644405E-081   6.355698E-123   0.000000E+000   0.000000E+000   1.587893E-080
   4.339500E-002   5.326020E-080   6.163368E-081   1.352562E-121   0.000000E+000   0.000000E+000   5.942357E-080
   4.410800E-002   1.955036E-079   2.266413E-080   2.665437E-120   0.000000E+000   0.000000E+000   2.181677E-079
   4.483200E-002   7.061779E-079   8.201462E-080   4.891358E-119   0.000000E+000   0.000000E+000   7.881925E-079
   4.556900E-002   2.527150E-078   2.940622E-079   8.472764E-118   0.000000E+000   0.000000E+000   2.821213E-078
   4.631700E-002   8.865406E-078   1.033711E-078   1.380434E-116   0.000000E+000   0.000000E+000   9.899117E-078
   4.707800E-002   3.059520E-077   3.575727E-078   2.136820E-115   0.000000E+000   0.000000E+000   3.417093E-077
   4.785100E-002   1.037839E-076   1.216406E-077   3.137804E-114   0.000000E+000   0.000000E+000   1.159480E-076
   4.863700E-002   3.470077E-076   4.082954E-077   4.392276E-113   0.000000E+000   0.000000E+000   3.878372E-076
   4.943600E-002   1.146203E-075   1.356634E-076   5.867984E-112   0.000000E+000   0.000000E+000   1.281866E-075
   5.024800E-002   3.739602E-075   4.469584E-076   7.487951E-111   0.000000E+000   0.000000E+000   4.186561E-075
   5.107300E-002   1.210327E-074   1.471014E-075   9.134044E-110   0.000000E+000   0.000000E+000   1.357429E-074
   5.191200E-002   3.961249E-074   4.952827E-075   1.068890E-108   0.000000E+000   0.000000E+000   4.456531E-074
   5.276500E-002   1.334587E-073   1.745049E-074   1.200369E-107   0.000000E+000   0.000000E+000   1.509092E-073
   5.363200E-002   4.708670E-073   6.552939E-074   1.294182E-106   0.000000E+000   0.000000E+000   5.363964E-073
   5.451300E-002   1.788987E-072   2.677901E-073   1.340073E-105   0.000000E+000   0.000000E+000   2.056777E-072
   5.540800E-002   7.401789E-072   1.188035E-072   1.333094E-104   0.000000E+000   0.000000E+000   8.589825E-072
   5.631800E-002   3.295651E-071   5.591788E-072   1.277615E-103   0.000000E+000   0.000000E+000   3.854830E-071
   5.724300E-002   1.538453E-070   2.712238E-071   1.179829E-102   0.000000E+000   0.000000E+000   1.809676E-070
   5.818400E-002   7.740588E-070   1.398035E-070   1.052385E-101   0.000000E+000   0.000000E+000   9.138623E-070
   5.913900E-002   3.945853E-069   7.231638E-070   8.980945E-101   0.000000E+000   0.000000E+000   4.669017E-069
   6.011100E-002   1.972139E-068   3.646587E-069   7.349906E-100   0.000000E+000   0.000000E+000   2.336797E-068
   6.109800E-002   9.587799E-068   1.782709E-068   5.804780E-099   0.000000E+000   0.000000E+000   1.137051E-067
   6.210200E-002   4.536878E-067   8.467021E-068   4.442816E-098   0.000000E+000   0.000000E+000   5.383580E-067
   6.312200E-002   2.084908E-066   3.901486E-067   3.288706E-097   0.000000E+000   0.000000E+000   2.475057E-066
   6.415900E-002   9.316522E-066   1.747133E-066   2.358842E-096   0.000000E+000   0.000000E+000   1.106365E-065
   6.521300E-002   4.048638E-065   7.606420E-066   1.629283E-095   0.000000E+000   0.000000E+000   4.809280E-065
   6.628400E-002   1.711738E-064   3.221365E-065   1.090875E-094   0.000000E+000   0.000000E+000   2.033875E-064
   6.737200E-002   7.023760E-064   1.323944E-064   7.080202E-094   0.000000E+000   0.000000E+000   8.347704E-064
   6.847900E-002   2.833939E-063   5.350252E-064   4.469820E-093   0.000000E+000   0.000000E+000   3.368964E-063
   6.960400E-002   1.113118E-062   2.104776E-063   2.740028E-092   0.000000E+000   0.000000E+000   1.323596E-062
   7.074700E-002   4.216174E-062   7.984850E-063   1.630442E-091   0.000000E+000   0.000000E+000   5.014659E-062
   7.190900E-002   1.527450E-061   2.897385E-062   9.434292E-091   0.000000E+000   0.000000E+000   1.817188E-061
   7.309100E-002   5.269090E-061   1.001096E-061   5.316739E-090   0.000000E+000   0.000000E+000   6.270186E-061
   7.429100E-002   1.728659E-060   3.289729E-061   2.909815E-089   0.000000E+000   0.000000E+000   2.057631E-060
   7.551100E-002   5.440448E-060   1.037071E-060   1.551031E-088   0.000000E+000   0.000000E+000   6.477519E-060
   7.675200E-002   1.659139E-059   3.168054E-060   8.063000E-088   0.000000E+000   0.000000E+000   1.975945E-059
   7.801200E-002   4.934088E-059   9.437670E-060   4.077551E-087   0.000000E+000   0.000000E+000   5.877855E-059
   7.929400E-002   1.442981E-058   2.764909E-059   2.013318E-086   0.000000E+000   0.000000E+000   1.719472E-058
   8.059600E-002   4.156393E-058   7.978333E-059   9.681527E-086   0.000000E+000   0.000000E+000   4.954226E-058
   8.192000E-002   1.182878E-057   2.274707E-058   4.545153E-085   0.000000E+000   0.000000E+000   1.410349E-057
   8.326600E-002   3.326837E-057   6.409457E-058   2.083089E-084   0.000000E+000   0.000000E+000   3.967783E-057
   8.463400E-002   9.245462E-057   1.784585E-057   9.306658E-084   0.000000E+000   0.000000E+000   1.103005E-056
   8.602400E-002   2.536983E-056   4.906364E-057   4.059251E-083   0.000000E+000   0.000000E+000   3.027619E-056
   8.743700E-002   6.874095E-056   1.332008E-056   1.730368E-082   0.000000E+000   0.000000E+000   8.206103E-056
   8.887300E-002   1.837968E-055   3.568565E-056   7.208659E-082   0.000000E+000   0.000000E+000   2.194824E-055
   9.033300E-002   4.849738E-055   9.435277E-056   2.938019E-081   0.000000E+000   0.000000E+000   5.793266E-055
   9.181700E-002   1.262191E-054   2.460698E-055   1.170319E-080   0.000000E+000   0.000000E+000   1.508261E-054
   9.332500E-002   3.238654E-054   6.327201E-055   4.559285E-080   0.000000E+000   0.000000E+000   3.871375E-054
   9.485800E-002   8.193901E-054   1.604238E-054   1.740274E-079   0.000000E+000   0.000000E+000   9.798139E-054
   9.641600E-002   2.043848E-053   4.010285E-054   6.512478E-079   0.000000E+000   0.000000E+000   2.444876E-053
   9.799900E-002   5.025086E-053   9.881823E-054   2.392782E-078   0.000000E+000   0.000000E+000   6.013269E-053
   9.960900E-002   1.218862E-052   2.402341E-053   8.661246E-078   0.000000E+000   0.000000E+000   1.459096E-052
   1.012500E-001   2.883378E-052   5.696282E-053   3.110494E-077   0.000000E+000   0.000000E+000   3.453006E-052
   1.029100E-001   6.700517E-052   1.326858E-052   1.109784E-076   0.000000E+000   0.000000E+000   8.027375E-052
   1.046000E-001   1.534325E-051   3.045676E-052   4.025248E-076   0.000000E+000   0.000000E+000   1.838893E-051
   1.063200E-001   3.462122E-051   6.889454E-052   1.515325E-075   0.000000E+000   0.000000E+000   4.151068E-051
   1.080600E-001   7.660842E-051   1.528326E-051   6.011606E-075   0.000000E+000   0.000000E+000   9.189168E-051
   1.098400E-001   1.678573E-050   3.357473E-051   2.575857E-074   0.000000E+000   0.000000E+000   2.014320E-050
   1.116400E-001   3.608741E-050   7.237464E-051   1.180122E-073   0.000000E+000   0.000000E+000   4.332488E-050
   1.134800E-001   7.682369E-050   1.544991E-050   5.775794E-073   0.000000E+000   0.000000E+000   9.227360E-050
   1.153400E-001   1.605301E-049   3.237576E-050   2.894794E-072   0.000000E+000   0.000000E+000   1.929058E-049
   1.172300E-001   3.308089E-049   6.691406E-050   1.466013E-071   0.000000E+000   0.000000E+000   3.977229E-049
   1.191600E-001   6.751486E-049   1.369849E-049   7.441692E-071   0.000000E+000   0.000000E+000   8.121335E-049
   1.211200E-001   1.359206E-048   2.766613E-049   3.718444E-070   0.000000E+000   0.000000E+000   1.635868E-048
   1.231100E-001   2.700144E-048   5.514480E-049   1.819389E-069   0.000000E+000   0.000000E+000   3.251592E-048
   1.251300E-001   5.295191E-048   1.085247E-048   8.690216E-069   0.000000E+000   0.000000E+000   6.380438E-048
   1.271800E-001   1.025580E-047   2.109751E-048   4.045474E-068   0.000000E+000   0.000000E+000   1.236555E-047
   1.292700E-001   1.969153E-047   4.066898E-048   1.842829E-067   0.000000E+000   0.000000E+000   2.375843E-047
   1.314000E-001   3.714021E-047   7.703246E-048   8.181433E-067   0.000000E+000   0.000000E+000   4.484346E-047
   1.335600E-001   7.053402E-047   1.469624E-047   3.533179E-066   0.000000E+000   0.000000E+000   8.523026E-047
   1.357500E-001   1.327557E-046   2.779660E-047   1.484405E-065   0.000000E+000   0.000000E+000   1.605523E-046
   1.379800E-001   2.484869E-046   5.230664E-047   6.107410E-065   0.000000E+000   0.000000E+000   3.007935E-046
   1.402500E-001   4.626605E-046   9.795835E-047   2.460057E-064   0.000000E+000   0.000000E+000   5.606188E-046
   1.425500E-001   8.548348E-046   1.821431E-046   9.585990E-064   0.000000E+000   0.000000E+000   1.036978E-045
   1.448900E-001   1.572350E-045   3.373629E-046   3.656176E-063   0.000000E+000   0.000000E+000   1.909713E-045
   1.472700E-001   2.880068E-045   6.226804E-046   1.364971E-062   0.000000E+000   0.000000E+000   3.502749E-045
   1.496900E-001   5.256029E-045   1.145939E-045   4.987317E-062   0.000000E+000   0.000000E+000   6.401968E-045
   1.521500E-001   9.559214E-045   2.103413E-045   1.783443E-061   0.000000E+000   0.000000E+000   1.166263E-044
   1.546500E-001   1.733330E-044   3.852708E-045   6.243940E-061   0.000000E+000   0.000000E+000   2.118601E-044
   1.571900E-001   3.135159E-044   7.045839E-045   2.139692E-060   0.000000E+000   0.000000E+000   3.839743E-044
   1.597700E-001   5.658710E-044   1.287067E-044   7.175533E-060   0.000000E+000   0.000000E+000   6.945777E-044
   1.623900E-001   1.019752E-043   2.349719E-044   2.355063E-059   0.000000E+000   0.000000E+000   1.254724E-043
   1.650600E-001   1.839592E-043   4.298630E-044   7.598863E-059   0.000000E+000   0.000000E+000   2.269455E-043
   1.677700E-001   3.316759E-043   7.867174E-044   2.424188E-058   0.000000E+000   0.000000E+000   4.103476E-043
   1.705300E-001   5.990959E-043   1.443791E-043   7.781837E-058   0.000000E+000   0.000000E+000   7.434750E-043
   1.733300E-001   1.081212E-042   2.649473E-043   2.446168E-057   0.000000E+000   0.000000E+000   1.346160E-042
   1.761800E-001   1.954471E-042   4.873336E-043   7.560201E-057   0.000000E+000   0.000000E+000   2.441805E-042
   1.790700E-001   3.535166E-042   8.973540E-043   2.288548E-056   0.000000E+000   0.000000E+000   4.432520E-042
   1.820100E-001   6.415525E-042   1.658454E-042   6.811320E-056   0.000000E+000   0.000000E+000   8.073979E-042
   1.850000E-001   1.168973E-041   3.077970E-042   2.024430E-055   0.000000E+000   0.000000E+000   1.476770E-041
   1.880400E-001   2.139587E-041   5.738027E-042   5.916214E-055   0.000000E+000   0.000000E+000   2.713389E-041
   1.911300E-001   3.934722E-041   1.074523E-041   1.698971E-054   0.000000E+000   0.000000E+000   5.009245E-041
   1.942700E-001   7.267076E-041   2.019955E-041   4.794699E-054   0.000000E+000   0.000000E+000   9.287031E-041
   1.974600E-001   1.345891E-040   3.805503E-041   1.329880E-053   0.000000E+000   0.000000E+000   1.726441E-040
   2.007000E-001   2.492827E-040   7.164573E-041   3.615174E-053   0.000000E+000   0.000000E+000   3.209284E-040
   2.040000E-001   4.603993E-040   1.343919E-040   9.670259E-053   0.000000E+000   0.000000E+000   5.947911E-040
   2.073500E-001   8.408808E-040   2.490557E-040   2.541910E-052   0.000000E+000   0.000000E+000   1.089936E-039
   2.107600E-001   1.508026E-039   4.527613E-040   6.584692E-052   0.000000E+000   0.000000E+000   1.960787E-039
   2.142200E-001   2.628644E-039   7.991564E-040   1.676418E-051   0.000000E+000   0.000000E+000   3.427800E-039
   2.177400E-001   4.429255E-039   1.362144E-039   4.198426E-051   0.000000E+000   0.000000E+000   5.791398E-039
   2.213100E-001   7.184042E-039   2.232508E-039   1.029276E-050   0.000000E+000   0.000000E+000   9.416550E-039
   2.249500E-001   1.127782E-038   3.537982E-039   2.492907E-050   0.000000E+000   0.000000E+000   1.481580E-038
   2.286400E-001   1.720235E-038   5.442353E-039   5.936519E-050   0.000000E+000   0.000000E+000   2.264471E-038
   2.324000E-001   2.577480E-038   8.216050E-039   1.396436E-049   0.000000E+000   0.000000E+000   3.399085E-038
   2.362200E-001   3.817524E-038   1.224971E-038   3.237117E-049   0.000000E+000   0.000000E+000   5.042495E-038
   2.401000E-001   5.622389E-038   1.814551E-038   7.396656E-049   0.000000E+000   0.000000E+000   7.436940E-038
   2.440400E-001   8.266447E-038   2.681135E-038   1.665333E-048   0.000000E+000   0.000000E+000   1.094758E-037
   2.480500E-001   1.217656E-037   3.965961E-038   3.701688E-048   0.000000E+000   0.000000E+000   1.614252E-037
   2.521200E-001   1.796517E-037   5.871698E-038   8.107833E-048   0.000000E+000   0.000000E+000   2.383687E-037
   2.562700E-001   2.661501E-037   8.723224E-038   1.756314E-047   0.000000E+000   0.000000E+000   3.533824E-037
   2.604700E-001   3.945257E-037   1.295866E-037   3.720854E-047   0.000000E+000   0.000000E+000   5.241123E-037
   2.647500E-001   5.868226E-037   1.930475E-037   7.768165E-047   0.000000E+000   0.000000E+000   7.798701E-037
   2.691000E-001   8.743151E-037   2.879050E-037   1.601022E-046   0.000000E+000   0.000000E+000   1.162220E-036
   2.735200E-001   1.303929E-036   4.295585E-037   3.257341E-046   0.000000E+000   0.000000E+000   1.733488E-036
   2.780200E-001   1.947530E-036   6.415281E-037   6.552158E-046   0.000000E+000   0.000000E+000   2.589058E-036
   2.825800E-001   2.905640E-036   9.565913E-037   1.297488E-045   0.000000E+000   0.000000E+000   3.862231E-036
   2.872200E-001   4.336402E-036   1.426161E-036   2.532826E-045   0.000000E+000   0.000000E+000   5.762564E-036
   2.919400E-001   6.470298E-036   2.124862E-036   4.888906E-045   0.000000E+000   0.000000E+000   8.595159E-036
   2.967400E-001   9.648370E-036   3.162657E-036   9.330523E-045   0.000000E+000   0.000000E+000   1.281103E-035
   3.016100E-001   1.435952E-035   4.696433E-036   1.758387E-044   0.000000E+000   0.000000E+000   1.905595E-035
   3.065700E-001   2.052175E-035   6.725827E-036   3.280673E-044   0.000000E+000   0.000000E+000   2.724758E-035
   3.116000E-001   2.988379E-035   9.772239E-036   6.026486E-044   0.000000E+000   0.000000E+000   3.965603E-035
   3.167200E-001   4.335574E-035   1.414349E-035   1.095966E-043   0.000000E+000   0.000000E+000   5.749923E-035
   3.219200E-001   6.260600E-035   2.037205E-035   1.971092E-043   0.000000E+000   0.000000E+000   8.297805E-035
   3.272100E-001   9.003430E-035   2.922178E-035   3.509923E-043   0.000000E+000   0.000000E+000   1.192561E-034
   3.325800E-001   1.288435E-034   4.171179E-035   6.181484E-043   0.000000E+000   0.000000E+000   1.705553E-034
   3.380500E-001   1.837152E-034   5.932448E-035   1.078451E-042   0.000000E+000   0.000000E+000   2.430397E-034
   3.436000E-001   2.605989E-034   8.394271E-035   1.860428E-042   0.000000E+000   0.000000E+000   3.445416E-034
   3.492400E-001   3.679135E-034   1.182350E-034   3.178006E-042   0.000000E+000   0.000000E+000   4.861485E-034
   3.549800E-001   5.171318E-034   1.658758E-034   5.380891E-042   0.000000E+000   0.000000E+000   6.830077E-034
   3.608100E-001   7.228919E-034   2.316082E-034   9.021119E-042   0.000000E+000   0.000000E+000   9.545001E-034
   3.667400E-001   1.005116E-033   3.220056E-034   1.498933E-041   0.000000E+000   0.000000E+000   1.327121E-033
   3.727600E-001   1.388240E-033   4.454451E-034   2.466301E-041   0.000000E+000   0.000000E+000   1.833685E-033
   3.788800E-001   1.904102E-033   6.134000E-034   4.022248E-041   0.000000E+000   0.000000E+000   2.517502E-033
   3.851100E-001   2.592187E-033   8.413352E-034   6.507213E-041   0.000000E+000   0.000000E+000   3.433523E-033
   3.914300E-001   3.496502E-033   1.147792E-033   1.042609E-040   0.000000E+000   0.000000E+000   4.644294E-033
   3.978600E-001   4.687683E-033   1.559147E-033   1.657156E-040   0.000000E+000   0.000000E+000   6.246830E-033
   4.044000E-001   6.275642E-033   2.108665E-033   2.613205E-040   0.000000E+000   0.000000E+000   8.384307E-033
   4.110400E-001   8.411072E-033   2.837566E-033   4.084802E-040   2.952626E-158   0.000000E+000   1.124864E-032
   4.177900E-001   1.127821E-032   3.800838E-033   6.333974E-040   4.904965E-156   0.000000E+000   1.507905E-032
   4.246600E-001   1.508586E-032   5.069843E-033   9.749196E-040   5.482527E-154   0.000000E+000   2.015571E-032
   4.316300E-001   2.003357E-032   6.727052E-033   1.487604E-039   5.472102E-152   0.000000E+000   2.676062E-032
   4.387200E-001   2.633615E-032   8.887264E-033   2.251744E-039   5.064024E-150   0.000000E+000   3.522341E-032
   4.459300E-001   3.412559E-032   1.168903E-032   3.382154E-039   4.359956E-148   0.000000E+000   4.581462E-032
   4.532500E-001   4.339499E-032   1.529779E-032   5.039710E-039   3.473278E-146   0.000000E+000   5.869279E-032
   4.607000E-001   5.419786E-032   1.993759E-032   7.458498E-039   2.591694E-144   0.000000E+000   7.413546E-032
   4.682600E-001   6.688814E-032   2.585280E-032   1.095115E-038   1.790567E-142   0.000000E+000   9.274096E-032
   4.759600E-001   8.235572E-032   3.339199E-032   1.597485E-038   1.164657E-140   0.000000E+000   1.157477E-031
   4.837700E-001   1.012294E-031   4.290461E-032   2.310585E-038   7.013703E-139   0.000000E+000   1.441340E-031
   4.917200E-001   1.242084E-031   5.490061E-032   3.320817E-038   3.976526E-137   0.000000E+000   1.791090E-031
   4.998000E-001   1.523205E-031   6.992684E-032   4.740507E-038   2.111355E-135   0.000000E+000   2.222474E-031
   5.080100E-001   1.868067E-031   8.864129E-032   6.720947E-038   1.049974E-133   0.000000E+000   2.754480E-031
   5.163500E-001   2.276489E-031   1.118138E-031   9.464785E-038   4.891786E-132   0.000000E+000   3.394628E-031
   5.248300E-001   2.737898E-031   1.403720E-031   1.324561E-037   2.145481E-130   0.000000E+000   4.141619E-031
   5.334500E-001   3.247703E-031   1.753310E-031   1.841885E-037   8.857947E-129   0.000000E+000   5.001015E-031
   5.422200E-001   3.811840E-031   2.178894E-031   2.546326E-037   3.457280E-127   0.000000E+000   5.990737E-031
   5.511200E-001   4.441330E-031   2.691800E-031   3.496626E-037   1.265195E-125   0.000000E+000   7.133134E-031
   5.601800E-001   5.171911E-031   3.309957E-031   4.774901E-037   4.394885E-124   0.000000E+000   8.481872E-031
   5.693800E-001   6.014827E-031   4.051202E-031   6.484702E-037   1.438792E-122   0.000000E+000   1.006603E-030
   5.787300E-001   6.930723E-031   4.936755E-031   8.758956E-037   4.456204E-121   0.000000E+000   1.186749E-030
   5.882400E-001   7.859507E-031   5.984868E-031   1.176576E-036   1.309933E-119   0.000000E+000   1.384439E-030
   5.979000E-001   8.752323E-031   7.203259E-031   1.571216E-036   3.641807E-118   0.000000E+000   1.595560E-030
   6.077200E-001   9.508169E-031   8.590238E-031   2.086714E-036   9.610459E-117   0.000000E+000   1.809843E-030
   6.177000E-001   9.937439E-031   1.012601E-030   2.757122E-036   2.408392E-115   0.000000E+000   2.006348E-030
   6.278500E-001   9.966816E-031   1.178652E-030   3.628128E-036   5.754282E-114   0.000000E+000   2.175337E-030
   6.381600E-001   9.780230E-031   1.357244E-030   4.748216E-036   1.305266E-112   0.000000E+000   2.335272E-030
   6.486400E-001   9.615946E-031   1.551214E-030   6.181982E-036   2.819825E-111   0.000000E+000   2.512815E-030
   6.593000E-001   9.573233E-031   1.759274E-030   8.009414E-036   5.818623E-110   0.000000E+000   2.716605E-030
   6.701300E-001   9.672110E-031   1.976619E-030   1.032366E-035   1.143475E-108   6.393962E-158   2.943840E-030
   6.811300E-001   9.927237E-031   2.199971E-030   1.325001E-035   2.142373E-107   3.854457E-155   3.192708E-030
   6.923200E-001   1.035043E-030   2.422850E-030   1.692881E-035   3.844262E-106   4.387640E-153   3.457909E-030
   7.036900E-001   1.096541E-030   2.641412E-030   2.152502E-035   6.588185E-105   4.505873E-151   3.737975E-030
   7.152500E-001   1.183371E-030   2.875499E-030   2.724409E-035   1.081078E-103   4.290944E-149   4.058897E-030
   7.270000E-001   1.301652E-030   3.147339E-030   3.432563E-035   1.698367E-102   3.793485E-147   4.449025E-030
   7.389400E-001   1.456770E-030   3.458907E-030   4.305649E-035   2.554678E-101   3.113894E-145   4.915720E-030
   7.510800E-001   1.655140E-030   3.803114E-030   5.378071E-035   3.687474E-100   2.382207E-143   5.458308E-030
   7.634200E-001   1.903665E-030   4.172114E-030   6.688840E-035   5.106377E-099   1.698487E-141   6.075846E-030
   7.759600E-001   2.210141E-030   4.546027E-030   8.283923E-035   6.783724E-098   1.128644E-139   6.756251E-030
   7.887000E-001   2.584638E-030   4.883839E-030   1.021629E-034   8.645541E-097   6.990585E-138   7.468579E-030
   8.016600E-001   3.040449E-030   5.139275E-030   1.255678E-034   1.061658E-095   4.062100E-136   8.179850E-030
   8.148300E-001   3.590760E-030   5.262171E-030   1.539115E-034   1.254373E-094   2.206887E-134   8.853085E-030
   8.282100E-001   4.251485E-030   5.210574E-030   1.879175E-034   1.424349E-093   1.121387E-132   9.462247E-030
   8.418100E-001   5.043174E-030   5.013133E-030   2.285864E-034   1.557070E-092   5.345727E-131   1.005654E-029
   8.556400E-001   5.989224E-030   4.770758E-030   2.770875E-034   1.641397E-091   2.397452E-129   1.076026E-029
   8.697000E-001   7.114175E-030   4.558474E-030   3.347172E-034   1.668248E-090   1.011361E-127   1.167298E-029
   8.839800E-001   8.447124E-030   4.407028E-030   4.045531E-034   1.638602E-089   4.002934E-126   1.285456E-029
   8.985000E-001   1.002506E-029   4.339365E-030   4.875697E-034   1.554666E-088   1.494454E-124   1.436492E-029
   9.132600E-001   1.188545E-029   4.370382E-030   5.858139E-034   1.424030E-087   5.262270E-123   1.625642E-029
   9.282600E-001   1.407111E-029   4.515089E-030   7.017473E-034   1.259261E-086   1.747595E-121   1.858690E-029
   9.435100E-001   1.663567E-029   4.786683E-030   8.382232E-034   1.076449E-085   5.487519E-120   2.142320E-029
   9.590100E-001   1.963629E-029   5.190928E-030   9.994437E-034   8.903549E-085   1.628979E-118   2.482822E-029
   9.747600E-001   2.313484E-029   5.730737E-030   1.189367E-033   7.123072E-084   4.572720E-117   2.886676E-029
   9.907700E-001   2.720539E-029   6.411465E-030   1.411857E-033   5.515432E-083   1.216474E-115   3.361827E-029
   1.007000E+000   3.191645E-029   7.237215E-030   1.671105E-033   4.112442E-082   3.043149E-114   3.915534E-029
   1.023600E+000   3.740885E-029   8.230710E-030   1.975822E-033   3.007605E-081   7.372440E-113   4.564154E-029
   1.040400E+000   4.372397E-029   9.392631E-030   2.329669E-033   2.113386E-080   1.673281E-111   5.311893E-029
   1.057500E+000   5.101118E-029   1.074819E-029   2.744593E-033   1.445053E-079   3.626826E-110   6.176211E-029
   1.074900E+000   5.939199E-029   1.231693E-029   3.227707E-033   9.602735E-079   7.505052E-109   7.171215E-029
   1.092500E+000   6.894632E-029   1.410930E-029   3.785300E-033   6.135117E-078   1.457771E-107   8.305940E-029
   1.110500E+000   7.994878E-029   1.617594E-029   4.436352E-033   3.849300E-077   2.749446E-106   9.612916E-029
   1.128700E+000   9.241258E-029   1.851564E-029   5.185520E-033   2.322812E-076   4.871773E-105   1.109334E-028
   1.147200E+000   1.065907E-028   2.117213E-029   6.059167E-033   1.364048E-075   8.246206E-104   1.277689E-028
   1.166100E+000   1.227952E-028   2.420118E-029   7.076582E-033   7.857857E-075   1.353466E-102   1.470035E-028
   1.185200E+000   1.410051E-028   2.759656E-029   8.244036E-033   4.357469E-074   2.090424E-101   1.686099E-028
   1.204700E+000   1.616798E-028   3.143736E-029   9.598128E-033   2.368892E-073   3.128760E-100   1.931268E-028
   1.224500E+000   1.849721E-028   3.575015E-029   1.115692E-032   1.251056E-072   4.472818E-099   2.207334E-028
   1.244600E+000   2.111097E-028   4.057315E-029   1.295258E-032   6.421265E-072   6.111770E-098   2.516958E-028
   1.265100E+000   2.405472E-028   4.598170E-029   1.503028E-032   3.228877E-071   8.088708E-097   2.865439E-028
   1.285800E+000   2.732104E-028   5.196341E-029   1.739913E-032   1.565354E-070   1.010661E-095   3.251912E-028
   1.307000E+000   3.099970E-028   5.867468E-029   2.014292E-032   7.487202E-070   1.236976E-094   3.686918E-028
   1.328400E+000   3.506095E-028   6.605616E-029   2.326285E-032   3.454650E-069   1.431137E-093   4.166890E-028
   1.350200E+000   3.958070E-028   7.424309E-029   2.686573E-032   1.561810E-068   1.602243E-092   4.700769E-028
   1.372400E+000   4.460554E-028   8.330825E-029   3.108349E-032   6.929894E-068   1.735327E-091   5.293947E-028
   1.395000E+000   5.017189E-028   9.331215E-029   3.593159E-032   3.008769E-067   1.817493E-090   5.950670E-028
   1.417900E+000   5.628640E-028   1.042659E-028   4.146755E-032   1.269969E-066   1.821909E-089   6.671714E-028
   1.441200E+000   6.303005E-028   1.163103E-028   4.781006E-032   5.244954E-066   1.766364E-088   7.466586E-028
   1.464800E+000   7.041193E-028   1.294446E-028   5.502873E-032   2.107056E-065   1.640570E-087   8.336189E-028
   1.488900E+000   7.854311E-028   1.438677E-028   6.335680E-032   8.336924E-065   1.487650E-086   9.293621E-028
   1.513400E+000   8.743783E-028   1.595988E-028   7.286998E-032   3.227342E-064   1.304257E-085   1.034050E-027
   1.538200E+000   9.710889E-028   1.766502E-028   8.366180E-032   1.215617E-063   1.096140E-084   1.147823E-027
   1.563500E+000   1.076878E-027   1.952521E-028   9.600202E-032   4.504090E-063   8.985288E-084   1.272227E-027
   1.589200E+000   1.191785E-027   2.154014E-028   1.100284E-031   1.632784E-062   7.121743E-083   1.407297E-027
   1.615300E+000   1.316416E-027   2.372009E-028   1.259881E-031   5.793340E-062   5.458621E-082   1.553742E-027
   1.641800E+000   1.451304E-027   2.607421E-028   1.441118E-031   2.012026E-061   4.046950E-081   1.712190E-027
   1.668800E+000   1.597467E-027   2.861940E-028   1.647197E-031   6.870498E-061   2.924038E-080   1.883826E-027
   1.696200E+000   1.754704E-027   3.135188E-028   1.880178E-031   2.295985E-060   2.043518E-079   2.068411E-027
   1.724000E+000   1.923611E-027   3.428153E-028   2.143113E-031   7.510760E-060   1.381654E-078   2.266641E-027
   1.752400E+000   2.106086E-027   3.744180E-028   2.443299E-031   2.426986E-059   9.159264E-078   2.480748E-027
   1.781100E+000   2.300202E-027   4.079832E-028   2.784860E-031   7.659918E-059   5.837319E-077   2.708463E-027
   1.810400E+000   2.509033E-027   4.440504E-028   3.173023E-031   2.386753E-058   3.647759E-076   2.953401E-027
   1.840100E+000   2.731322E-027   4.823978E-028   3.609946E-031   7.284037E-058   2.205399E-075   3.214080E-027
   1.870400E+000   2.969301E-027   5.234228E-028   4.105230E-031   2.194325E-057   1.305728E-074   3.493134E-027
   1.901100E+000   3.221358E-027   5.668540E-028   4.661387E-031   6.477691E-057   7.479551E-074   3.788678E-027
   1.932300E+000   3.489266E-027   6.129964E-028   5.286037E-031   1.880714E-056   4.171814E-073   4.102791E-027
   1.964100E+000   3.774232E-027   6.620787E-028   5.990640E-031   5.391081E-056   2.276841E-072   4.436910E-027
   1.996300E+000   4.074220E-027   7.137584E-028   6.778486E-031   1.515923E-055   1.202833E-071   4.788656E-027
   2.029100E+000   4.392276E-027   7.685727E-028   7.664937E-031   4.210599E-055   6.216079E-071   5.161615E-027
   2.062400E+000   4.727201E-027   8.263454E-028   8.657765E-031   1.151871E-054   3.125869E-070   5.554412E-027
   2.096300E+000   5.080671E-027   8.873876E-028   9.782287E-031   3.117509E-054   1.537088E-069   5.969037E-027
   2.130700E+000   5.451708E-027   9.515414E-028   1.104964E-030   8.323985E-054   7.356306E-069   6.404354E-027
   2.165700E+000   5.841257E-027   1.019008E-027   1.247201E-030   2.198168E-053   3.442735E-068   6.861512E-027
   2.201300E+000   6.249888E-027   1.089926E-027   1.406584E-030   5.742950E-053   1.574556E-067   7.341221E-027
   2.237500E+000   6.678330E-027   1.164450E-027   1.585152E-030   1.484911E-052   7.036582E-067   7.844365E-027
   2.274200E+000   7.125679E-027   1.242440E-027   1.784628E-030   3.792277E-052   3.060721E-066   8.369904E-027
   2.311600E+000   7.595745E-027   1.324600E-027   2.010029E-030   9.625476E-052   1.306247E-065   8.922354E-027
   2.349600E+000   8.086479E-027   1.410611E-027   2.261988E-030   2.420259E-051   5.445808E-065   9.499353E-027
   2.388100E+000   8.596361E-027   1.500232E-027   2.542309E-030   6.015521E-051   2.210342E-064   1.009914E-026
   2.427400E+000   9.133147E-027   1.594807E-027   2.856903E-030   1.488824E-050   8.828065E-064   1.073081E-026
   2.467200E+000   9.690375E-027   1.693249E-027   3.206307E-030   3.643143E-050   3.434089E-063   1.138683E-026
   2.507800E+000   1.027517E-026   1.796688E-027   3.604924E-030   8.892775E-050   1.314302E-062   1.207546E-026
   2.549000E+000   1.088246E-026   1.904300E-027   4.050453E-030   2.151217E-049   4.914784E-062   1.279081E-026
   2.590800E+000   1.151411E-026   2.016147E-027   4.546866E-030   5.154853E-049   1.795801E-061   1.353481E-026
   2.633400E+000   1.217925E-026   2.133569E-027   5.102384E-030   1.228295E-048   6.450924E-061   1.431792E-026
   2.676600E+000   1.287747E-026   2.256092E-027   5.720040E-030   2.896861E-048   2.264342E-060   1.513929E-026
   2.720600E+000   1.361811E-026   2.384593E-027   6.409232E-030   6.785719E-048   7.811701E-060   1.600911E-026
   2.765300E+000   1.441033E-026   2.519386E-027   7.175078E-030   1.574646E-047   2.641316E-059   1.693689E-026
   2.810700E+000   1.527190E-026   2.661646E-027   8.026552E-030   3.618492E-047   8.757194E-059   1.794157E-026
   2.856900E+000   1.623246E-026   2.812998E-027   8.974561E-030   8.245415E-047   2.852852E-058   1.905443E-026
   2.903800E+000   1.733560E-026   2.974989E-027   1.002642E-029   1.858626E-046   9.107956E-058   2.032062E-026
   2.951500E+000   1.866758E-026   3.151518E-027   1.120060E-029   4.151995E-046   2.856579E-057   2.183030E-026
   3.000000E+000   2.039335E-026   3.349045E-027   1.252811E-029   9.199658E-046   8.801660E-057   2.375492E-026
   3.015900E+000   2.108867E-026   3.419628E-027   1.298938E-029   1.188079E-045   1.262928E-056   2.452129E-026
   3.032000E+000   2.188406E-026   3.495221E-027   1.347137E-029   1.535531E-045   1.813590E-056   2.539275E-026
   3.048100E+000   2.279827E-026   3.575607E-027   1.396697E-029   1.979585E-045   2.594286E-056   2.638784E-026
   3.064300E+000   2.387029E-026   3.662524E-027   1.448060E-029   2.549748E-045   3.705530E-056   2.754729E-026
   3.080600E+000   2.515318E-026   3.758218E-027   1.501215E-029   3.281155E-045   5.284311E-056   2.892641E-026
   3.096900E+000   2.671461E-026   3.864714E-027   1.555946E-029   4.211823E-045   7.507948E-056   3.059488E-026
   3.113400E+000   2.866879E-026   3.986849E-027   1.612976E-029   5.409906E-045   1.067930E-055   3.267177E-026
   3.130000E+000   3.117751E-026   4.130447E-027   1.672125E-029   6.942014E-045   1.516803E-055   3.532468E-026
   3.146600E+000   3.449396E-026   4.304279E-027   1.732876E-029   8.885861E-045   2.146408E-055   3.881557E-026
   3.163300E+000   3.904802E-026   4.524678E-027   1.795799E-029   1.136284E-044   3.032521E-055   4.359065E-026
   3.180100E+000   4.558148E-026   4.818997E-027   1.860938E-029   1.451585E-044   4.277907E-055   5.041909E-026
   3.197000E+000   5.547286E-026   5.237906E-027   1.928399E-029   1.852546E-044   6.025425E-055   6.073005E-026
   3.214000E+000   7.150815E-026   5.884130E-027   1.997872E-029   2.361465E-044   8.473403E-055   7.741226E-026
   3.231100E+000   9.995842E-026   6.988778E-027   2.069034E-029   3.005954E-044   1.189660E-054   1.069679E-025
   3.248300E+000   1.570057E-025   9.147623E-027   2.142614E-029   3.822362E-044   1.667701E-054   1.661748E-025
   3.265500E+000   2.919108E-025   1.417412E-026   2.218239E-029   4.848567E-044   2.329411E-054   3.061071E-025
   3.282900E+000   6.612734E-025   2.783578E-026   2.296939E-029   6.152413E-044   3.254239E-054   6.891322E-025
   3.300300E+000   1.162262E-024   4.634102E-026   2.377787E-029   7.787754E-044   4.530400E-054   1.208627E-024
   3.317900E+000   6.637559E-025   2.804385E-026   2.461932E-029   9.860917E-044   6.308768E-054   6.918244E-025
   3.335500E+000   3.052373E-025   1.490659E-026   2.548312E-029   1.245488E-043   8.754657E-054   3.201693E-025
   3.353200E+000   1.710495E-025   1.003095E-026   2.637626E-029   1.571471E-043   1.212975E-053   1.811068E-025
   3.371100E+000   1.130003E-025   7.960220E-027   2.730577E-029   1.983232E-043   1.681114E-053   1.209879E-025
   3.389000E+000   8.356504E-026   6.944124E-027   2.825984E-029   2.496742E-043   2.321953E-053   9.053742E-026
   3.407000E+000   6.681625E-026   6.396507E-027   2.924588E-029   3.139756E-043   3.201547E-053   7.324200E-026
   3.425100E+000   5.646753E-026   6.085999E-027   3.026469E-029   3.943948E-043   4.406989E-053   6.258379E-026
   3.443300E+000   4.967511E-026   5.908040E-027   3.131725E-029   4.948600E-043   6.056790E-053   5.561447E-026
   3.461600E+000   4.501053E-026   5.809878E-027   3.240459E-029   6.202100E-043   8.310824E-053   5.085281E-026
   3.480000E+000   4.169657E-026   5.763066E-027   3.352735E-029   7.764359E-043   1.138516E-052   4.749316E-026
   3.498500E+000   3.928212E-026   5.751079E-027   3.468724E-029   9.709003E-043   1.557340E-052   4.506789E-026
   3.517100E+000   3.748846E-026   5.763728E-027   3.589789E-029   1.213095E-042   2.126830E-052   4.328809E-026
   3.535800E+000   3.613921E-026   5.794565E-027   3.714940E-029   1.514026E-042   2.900052E-052   4.197092E-026
   3.554600E+000   3.511594E-026   5.839283E-027   3.844234E-029   1.887427E-042   3.947717E-052   4.099367E-026
   3.573500E+000   3.433696E-026   5.894928E-027   3.977858E-029   2.350169E-042   5.365903E-052   4.027167E-026
   3.592500E+000   3.374679E-026   5.959730E-027   4.115744E-029   2.922931E-042   7.282130E-052   3.974768E-026
   3.611500E+000   3.329998E-026   6.031402E-027   4.257368E-029   3.626886E-042   9.850869E-052   3.937396E-026
   3.630700E+000   3.297089E-026   6.110015E-027   4.404397E-029   4.500396E-042   1.332640E-051   3.912495E-026
   3.650000E+000   3.273595E-026   6.194271E-027   4.556240E-029   5.577688E-042   1.800023E-051   3.897578E-026
   3.669400E+000   3.257702E-026   6.283732E-027   4.713062E-029   6.904887E-042   2.427589E-051   3.890788E-026
   3.688900E+000   3.248140E-026   6.377792E-027   4.874907E-029   8.537758E-042   3.268626E-051   3.890794E-026
   3.708500E+000   3.243935E-026   6.476690E-027   5.041911E-029   1.054430E-041   4.394686E-051   3.896646E-026
   3.728300E+000   3.244384E-026   6.580272E-027   5.215434E-029   1.302125E-041   5.908090E-051   3.907627E-026
   3.748100E+000   3.248210E-026   6.687274E-027   5.393354E-029   1.604360E-041   7.918109E-051   3.922330E-026
   3.768000E+000   3.255626E-026   6.798836E-027   5.577028E-029   1.974394E-041   1.059572E-050   3.941087E-026
   3.788000E+000   3.265863E-026   6.914422E-027   5.766476E-029   2.426895E-041   1.415747E-050   3.963072E-026
   3.808100E+000   3.278612E-026   7.034022E-027   5.962007E-029   2.979567E-041   1.888620E-050   3.987976E-026
   3.828400E+000   3.293938E-026   7.158438E-027   6.162957E-029   3.656429E-041   2.519386E-050   4.015945E-026
   3.848700E+000   3.310912E-026   7.286374E-027   6.366699E-029   4.475528E-041   3.350693E-050   4.045916E-026
   3.869200E+000   3.329853E-026   7.419022E-027   6.578179E-029   5.477263E-041   4.456144E-050   4.078334E-026
   3.889700E+000   3.350176E-026   7.555422E-027   6.794513E-029   6.688560E-041   5.908999E-050   4.112513E-026
   3.910400E+000   3.372112E-026   7.696462E-027   7.019054E-029   8.165865E-041   7.835103E-050   4.148778E-026
   3.931200E+000   3.395238E-026   7.842058E-027   7.250135E-029   9.957660E-041   1.037349E-049   4.186694E-026
   3.952100E+000   3.419778E-026   7.992508E-027   7.488332E-029   1.212820E-040   1.371275E-049   4.226517E-026
   3.973100E+000   3.445372E-026   8.147524E-027   7.733704E-029   1.475404E-040   1.810087E-049   4.267858E-026
   3.994200E+000   3.471890E-026   8.307293E-027   7.986379E-029   1.792676E-040   2.385629E-049   4.310606E-026
   4.015400E+000   3.499389E-026   8.472118E-027   8.246562E-029   2.175541E-040   3.139568E-049   4.354847E-026
   4.036800E+000   3.527919E-026   8.642793E-027   8.516098E-029   2.639546E-040   4.131064E-049   4.400714E-026
   4.058200E+000   3.557202E-026   8.818367E-027   8.792048E-029   3.195660E-040   5.420893E-049   4.447831E-026
   4.079800E+000   3.587662E-026   9.000658E-027   9.077673E-029   3.867942E-040   7.111693E-049   4.496806E-026
   4.101500E+000   3.618941E-026   9.188855E-027   9.371816E-029   4.675984E-040   9.316744E-049   4.547198E-026
   4.123300E+000   3.651133E-026   9.383638E-027   9.674470E-029   5.646005E-040   1.218658E-048   4.599171E-026
   4.145200E+000   3.684144E-026   9.585153E-027   9.986062E-029   6.809004E-040   1.591575E-048   4.652645E-026
   4.167200E+000   3.717892E-026   9.793427E-027   1.030838E-028   8.203234E-040   2.075375E-048   4.707543E-026
   4.189400E+000   3.752830E-026   1.001008E-026   1.065646E-028   9.893362E-040   2.705635E-048   4.764495E-026
   4.211700E+000   3.788464E-026   1.023444E-026   1.101523E-028   1.191708E-039   3.522286E-048   4.822923E-026
   4.234000E+000   3.824702E-026   1.046607E-026   1.138301E-028   1.432558E-039   4.573234E-048   4.882691E-026
   4.256500E+000   3.862022E-026   1.070729E-026   1.176414E-028   1.721505E-039   5.936700E-048   4.944515E-026
   4.279200E+000   3.900448E-026   1.095830E-026   1.215890E-028   2.068016E-039   7.704968E-048   5.008437E-026
   4.301900E+000   3.939405E-026   1.121821E-026   1.256362E-028   2.479189E-039   9.974565E-048   5.073789E-026
   4.324800E+000   3.979648E-026   1.148943E-026   1.298277E-028   2.971115E-039   1.290928E-047   5.141574E-026
   4.347700E+000   4.020630E-026   1.177095E-026   1.341231E-028   3.553480E-039   1.666552E-047   5.211137E-026
   4.370900E+000   4.062940E-026   1.206545E-026   1.385946E-028   4.251947E-039   2.153504E-047   5.283344E-026
   4.394100E+000   4.106341E-026   1.237202E-026   1.431763E-028   5.077479E-039   2.775835E-047   5.357861E-026
   4.417400E+000   4.150744E-026   1.269203E-026   1.478936E-028   6.056200E-039   3.573213E-047   5.434736E-026
   4.440900E+000   4.196491E-026   1.302676E-026   1.527781E-028   7.220732E-039   4.599689E-047   5.514446E-026
   4.464500E+000   4.243657E-026   1.337763E-026   1.578067E-028   8.598795E-039   5.914962E-047   5.597201E-026
   4.488200E+000   4.292366E-026   1.374508E-026   1.629834E-028   1.022822E-038   7.595948E-047   5.683172E-026
   4.512100E+000   4.342626E-026   1.413125E-026   1.683410E-028   1.216102E-038   9.752407E-047   5.772586E-026
   4.536100E+000   4.394671E-026   1.453721E-026   1.738563E-028   1.444199E-038   1.250524E-046   5.865777E-026
   4.560200E+000   4.448276E-026   1.496404E-026   1.794264E-028   1.712070E-038   1.601352E-046   5.962622E-026
   4.584400E+000   4.503645E-026   1.541391E-026   1.851122E-028   2.026763E-038   2.048086E-046   6.063548E-026
   4.608800E+000   4.561259E-026   1.589013E-026   1.909866E-028   2.398217E-038   2.618831E-046   6.169371E-026
   4.633300E+000   4.620973E-026   1.639386E-026   1.970234E-028   2.834419E-038   3.344223E-046   6.280061E-026
   4.657900E+000   4.682884E-026   1.692792E-026   2.032282E-028   3.346072E-038   4.265251E-046   6.395999E-026
   4.682700E+000   4.747779E-026   1.749719E-026   2.096375E-028   3.948206E-038   5.438813E-046   6.518462E-026
   4.707600E+000   4.815629E-026   1.810448E-026   2.162246E-028   4.653284E-038   6.926100E-046   6.647700E-026
   4.732600E+000   4.886601E-026   1.875454E-026   2.229934E-028   5.477905E-038   8.810075E-046   6.784354E-026
   4.757700E+000   4.961669E-026   1.945378E-026   2.299475E-028   6.441215E-038   1.119336E-045   6.930041E-026
   4.783000E+000   5.040935E-026   2.020930E-026   2.371267E-028   7.570042E-038   1.422203E-045   7.085577E-026
   4.808400E+000   5.125066E-026   2.102889E-026   2.445008E-028   8.886672E-038   1.805549E-045   7.252405E-026
   4.834000E+000   5.215158E-026   2.192452E-026   2.521111E-028   1.042717E-037   2.291674E-045   7.432822E-026
   4.859700E+000   5.311671E-026   2.290851E-026   2.599288E-028   1.222060E-037   2.905197E-045   7.628514E-026
   4.885500E+000   5.416111E-026   2.399891E-026   2.679555E-028   1.430556E-037   3.678704E-045   7.842798E-026
   4.911500E+000   5.530588E-026   2.522007E-026   2.762371E-028   1.673842E-037   4.656442E-045   8.080219E-026
   4.937600E+000   5.656944E-026   2.660186E-026   2.847407E-028   1.956245E-037   5.887690E-045   8.345604E-026
   4.963800E+000   5.798309E-026   2.818684E-026   2.935497E-028   2.284263E-037   7.435843E-045   8.646348E-026
   4.990200E+000   5.959261E-026   3.003591E-026   3.028099E-028   2.667414E-037   9.388550E-045   8.993133E-026
   5.016700E+000   6.145694E-026   3.223338E-026   3.123235E-028   3.111336E-037   1.184474E-044   9.400265E-026
   5.043400E+000   6.367130E-026   3.490702E-026   3.221451E-028   3.627252E-037   1.494311E-044   9.890046E-026
   5.070200E+000   6.638024E-026   3.824709E-026   3.322339E-028   4.223949E-037   1.882929E-044   1.049596E-025
   5.097100E+000   6.979815E-026   4.254615E-026   3.425952E-028   4.913191E-037   2.369793E-044   1.126869E-025
   5.124200E+000   7.426582E-026   4.826103E-026   3.532865E-028   5.711889E-037   2.981811E-044   1.228801E-025
   5.151500E+000   8.028974E-026   5.607262E-026   3.643144E-028   6.636803E-037   3.750871E-044   1.367267E-025
   5.178800E+000   8.852364E-026   6.687220E-026   3.755866E-028   7.698576E-037   4.711608E-044   1.557714E-025
   5.206400E+000   9.943877E-026   8.130223E-026   3.872643E-028   8.930162E-037   5.924524E-044   1.811283E-025
   5.234000E+000   1.119040E-025   9.785149E-026   3.992025E-028   1.034152E-036   7.435660E-044   2.101547E-025
   5.261800E+000   1.211385E-025   1.100785E-025   4.115084E-028   1.196899E-036   9.329615E-044   2.316284E-025
   5.289800E+000   1.215236E-025   1.103850E-025   4.241978E-028   1.384553E-036   1.170124E-043   2.323329E-025
   5.317900E+000   1.146476E-025   1.008856E-025   4.372181E-028   1.599816E-036   1.465982E-043   2.159705E-025
   5.346200E+000   1.067207E-025   8.994424E-026   4.506413E-028   1.847506E-036   1.835978E-043   1.971156E-025
   5.374600E+000   1.011305E-025   8.214527E-026   4.644156E-028   2.131158E-036   2.296679E-043   1.837402E-025
   5.403200E+000   9.834717E-026   7.813643E-026   4.786084E-028   2.457065E-036   2.872092E-043   1.769622E-025
   5.431900E+000   9.796619E-026   7.737757E-026   4.945241E-028   2.837369E-036   3.587386E-043   1.758383E-025
   5.460800E+000   9.963437E-026   7.940097E-026   5.111947E-028   3.276125E-036   4.479172E-043   1.795465E-025
   5.489800E+000   1.032491E-025   8.407911E-026   5.283666E-028   3.778792E-036   5.586364E-043   1.878566E-025
   5.519000E+000   1.090148E-025   9.170032E-026   5.461148E-028   4.356026E-036   6.966999E-043   2.012612E-025
   5.548300E+000   1.174711E-025   1.030068E-025   5.643905E-028   5.015994E-036   8.684381E-043   2.210423E-025
   5.577800E+000   1.295273E-025   1.192645E-025   5.832780E-028   5.772834E-036   1.082066E-042   2.493751E-025
   5.607400E+000   1.463109E-025   1.420292E-025   6.027231E-028   6.636718E-036   1.346714E-042   2.889428E-025
   5.637200E+000   1.681931E-025   1.717956E-025   6.228152E-028   7.625420E-036   1.675499E-042   3.406115E-025
   5.667200E+000   1.916778E-025   2.038396E-025   6.435728E-028   8.756530E-036   2.085327E-042   3.961610E-025
   5.697300E+000   2.068203E-025   2.245144E-025   6.649378E-028   1.004467E-035   2.592466E-042   4.319997E-025
   5.727600E+000   2.054890E-025   2.225948E-025   6.870088E-028   1.151546E-035   3.221494E-042   4.287708E-025
   5.758000E+000   1.933994E-025   2.058599E-025   7.097186E-028   1.318761E-035   3.998124E-042   3.999690E-025
   5.788600E+000   1.814900E-025   1.893303E-025   7.331725E-028   1.509425E-035   4.959679E-042   3.715534E-025
   5.819400E+000   1.749854E-025   1.802188E-025   7.573947E-028   1.726603E-035   6.149361E-042   3.559616E-025
   5.850300E+000   1.746230E-025   1.795780E-025   7.823181E-028   1.973035E-035   7.615262E-042   3.549834E-025
   5.881400E+000   1.800415E-025   1.869364E-025   8.080460E-028   2.253286E-035   9.425432E-042   3.677860E-025
   5.912700E+000   1.911986E-025   2.022738E-025   8.345318E-028   2.571495E-035   1.166306E-041   3.943069E-025
   5.944100E+000   2.088083E-025   2.266031E-025   8.616762E-028   2.931394E-035   1.442152E-041   4.362731E-025
   5.975700E+000   2.346278E-025   2.623950E-025   8.896679E-028   3.339462E-035   1.782277E-041   4.979125E-025
   6.007400E+000   2.718620E-025   3.141785E-025   9.184137E-028   3.800563E-035   2.200029E-041   5.869590E-025
   6.039400E+000   3.260882E-025   3.898099E-025   9.481542E-028   4.324225E-035   2.715723E-041   7.168462E-025
   6.071500E+000   4.066617E-025   5.024503E-025   9.786988E-028   4.915166E-035   3.348197E-041   9.100907E-025
   6.103700E+000   5.284608E-025   6.730920E-025   1.010073E-027   5.580940E-035   4.122699E-041   1.202563E-024
   6.136200E+000   7.103942E-025   9.284532E-025   1.042509E-027   6.335451E-035   5.076552E-041   1.639890E-024
   6.168800E+000   9.544480E-025   1.271747E-024   1.075814E-027   7.184602E-035   6.243055E-041   2.227270E-024
   6.201600E+000   1.178934E-024   1.588643E-024   1.110124E-027   8.142036E-035   7.671494E-041   2.768688E-024
   6.234500E+000   1.207335E-024   1.630799E-024   1.145339E-027   9.218208E-035   9.410547E-041   2.839279E-024
   6.267700E+000   1.019075E-024   1.367879E-024   1.181735E-027   1.043364E-034   1.154191E-040   2.388136E-024
   6.301000E+000   7.856555E-025   1.040461E-024   1.219076E-027   1.179781E-034   1.413781E-040   1.827336E-024
   6.334500E+000   6.070239E-025   7.894307E-025   1.257531E-027   1.333135E-034   1.730528E-040   1.397712E-024
   6.368100E+000   4.896670E-025   6.243802E-025   1.296987E-027   1.504916E-034   2.114928E-040   1.115344E-024
   6.402000E+000   4.163702E-025   5.212950E-025   1.337726E-027   1.698391E-034   2.583274E-040   9.390030E-025
   6.436000E+000   3.721021E-025   4.591935E-025   1.379425E-027   1.914701E-034   3.150947E-040   8.326751E-025
   6.470200E+000   3.471955E-025   4.244446E-025   1.420657E-027   2.154698E-034   3.840769E-040   7.730608E-025
   6.504600E+000   3.355961E-025   4.086198E-025   1.463053E-027   2.423194E-034   4.677827E-040   7.456789E-025
   6.539200E+000   3.333787E-025   4.062094E-025   1.506618E-027   2.723445E-034   5.692109E-040   7.410947E-025
   6.573900E+000   3.375286E-025   4.129698E-025   1.551248E-027   3.057830E-034   6.915027E-040   7.520497E-025
   6.608900E+000   3.452199E-025   4.248974E-025   1.597280E-027   3.432442E-034   8.399333E-040   7.717146E-025
   6.644000E+000   3.534957E-025   4.377748E-025   1.644404E-027   3.849142E-034   1.018807E-039   7.929149E-025
   6.679300E+000   3.596036E-025   4.477024E-025   1.692817E-027   4.313902E-034   1.234810E-039   8.089988E-025
   6.714800E+000   3.618949E-025   4.522484E-025   1.742562E-027   4.831663E-034   1.495323E-039   8.158859E-025
   6.750500E+000   3.603585E-025   4.513653E-025   1.793651E-027   5.408075E-034   1.809139E-039   8.135175E-025
   6.786400E+000   3.564363E-025   4.471607E-025   1.846116E-027   6.049400E-034   2.187012E-039   8.054432E-025
   6.822400E+000   3.522053E-025   4.426411E-025   1.899824E-027   6.760556E-034   2.640206E-039   7.967463E-025
   6.858700E+000   3.495222E-025   4.405436E-025   1.955137E-027   7.552948E-034   3.186460E-039   7.920210E-025
   6.895100E+000   3.496274E-025   4.427253E-025   2.011752E-027   8.430096E-034   3.840301E-039   7.943645E-025
   6.931800E+000   3.532243E-025   4.502715E-025   2.070051E-027   9.405991E-034   4.633963E-039   8.055659E-025
   6.968600E+000   3.606323E-025   4.637009E-025   2.129700E-027   1.048534E-033   5.589818E-039   8.264629E-025
   7.005700E+000   3.719841E-025   4.833037E-025   2.191110E-027   1.168471E-033   6.740665E-039   8.574788E-025
   7.042900E+000   3.873293E-025   5.092313E-025   2.253354E-027   1.300638E-033   8.117244E-039   8.988140E-025
   7.080300E+000   4.067564E-025   5.416919E-025   2.316926E-027   1.446629E-033   9.779989E-039   9.507652E-025
   7.118000E+000   4.303768E-025   5.809770E-025   2.382299E-027   1.608457E-033   1.184161E-038   1.013736E-024
   7.155800E+000   4.583572E-025   6.274502E-025   2.449066E-027   1.786700E-033   1.435319E-038   1.088257E-024
   7.193800E+000   4.910505E-025   6.817719E-025   2.517481E-027   1.983411E-033   1.738213E-038   1.175340E-024
   7.232000E+000   5.289602E-025   7.449501E-025   2.587542E-027   2.200333E-033   2.102930E-038   1.276498E-024
   7.270500E+000   5.730149E-025   8.185684E-025   2.659552E-027   2.440269E-033   2.543527E-038   1.394243E-024
   7.309100E+000   6.246584E-025   9.051890E-025   2.733037E-027   2.703682E-033   3.101075E-038   1.532580E-024
   7.348000E+000   6.862658E-025   1.008984E-024   2.808539E-027   2.994579E-033   3.831790E-038   1.698059E-024
   7.387000E+000   7.613021E-025   1.135843E-024   2.885594E-027   3.313576E-033   4.727668E-038   1.900031E-024
   7.426300E+000   8.541393E-025   1.293473E-024   2.964709E-027   3.665333E-033   5.829547E-038   2.150577E-024
   7.465700E+000   9.684296E-025   1.488065E-024   3.045436E-027   4.050765E-033   7.177946E-038   2.459540E-024
   7.505400E+000   1.101848E-024   1.716050E-024   3.128321E-027   4.475036E-033   8.864003E-038   2.821026E-024
   7.545300E+000   1.237022E-024   1.948084E-024   3.213100E-027   4.940546E-033   1.116419E-037   3.188318E-024
   7.585400E+000   1.338509E-024   2.123818E-024   3.299854E-027   5.450959E-033   1.420152E-037   3.465627E-024
   7.625700E+000   1.376777E-024   2.192520E-024   3.388600E-027   6.010223E-033   1.804412E-037   3.572685E-024
   7.666300E+000   1.362240E-024   2.171127E-024   3.477056E-027   6.619630E-033   2.290942E-037   3.536844E-024
   7.707000E+000   1.333908E-024   2.125824E-024   3.561532E-027   7.273036E-033   2.904192E-037   3.463294E-024
   7.748000E+000   1.318749E-024   2.102742E-024   3.647986E-027   7.987534E-033   3.685098E-037   3.425139E-024
   7.789100E+000   1.314165E-024   2.097505E-024   3.735880E-027   8.764837E-033   4.729049E-037   3.415406E-024
   7.830500E+000   1.296416E-024   2.069257E-024   3.825820E-027   9.614209E-033   6.074313E-037   3.369499E-024
   7.872200E+000   1.241543E-024   1.976424E-024   3.917842E-027   1.054157E-032   7.795896E-037   3.221885E-024
   7.914000E+000   1.146159E-024   1.812442E-024   4.011351E-027   1.154847E-032   9.989989E-037   2.962613E-024
   7.956100E+000   1.028342E-024   1.608204E-024   4.106990E-027   1.264692E-032   1.279190E-036   2.640653E-024
   7.998300E+000   9.109337E-025   1.402871E-024   4.204170E-027   1.383830E-032   1.635432E-036   2.318009E-024
   8.040900E+000   8.088506E-025   1.222343E-024   4.303846E-027   1.513896E-032   2.080190E-036   2.035497E-024
   8.083600E+000   7.278040E-025   1.076397E-024   4.405111E-027   1.654814E-032   2.641917E-036   1.808606E-024
   8.126500E+000   6.681077E-025   9.656208E-025   4.508250E-027   1.807773E-032   3.352004E-036   1.638237E-024
   8.169700E+000   6.279136E-025   8.866883E-025   4.613714E-027   1.974115E-032   4.250756E-036   1.519216E-024
   8.213200E+000   6.045599E-025   8.351581E-025   4.721444E-027   2.154855E-032   5.387423E-036   1.444439E-024
   8.256800E+000   5.947433E-025   8.056210E-025   4.830823E-027   2.350200E-032   6.820045E-036   1.405195E-024
   8.300700E+000   5.947900E-025   7.924820E-025   4.942573E-027   2.562297E-032   8.467173E-036   1.392215E-024
   8.344800E+000   6.023911E-025   7.920331E-025   5.056330E-027   2.791757E-032   1.045558E-035   1.399481E-024
   8.389200E+000   6.193260E-025   8.064032E-025   5.169053E-027   3.038585E-032   1.285165E-035   1.430898E-024
   8.433700E+000   6.519146E-025   8.439938E-025   5.282879E-027   3.304153E-032   1.564208E-035   1.501191E-024
   8.478600E+000   7.065227E-025   9.134321E-025   5.399403E-027   3.592453E-032   1.902652E-035   1.625354E-024
   8.523600E+000   7.802666E-025   1.010809E-024   5.517535E-027   3.902588E-032   2.302896E-035   1.796593E-024
   8.568900E+000   8.479928E-025   1.101026E-024   5.637941E-027   4.237846E-032   2.781722E-035   1.954656E-024
   8.614500E+000   8.634833E-025   1.119304E-024   5.760722E-027   4.600034E-032   3.359609E-035   1.988548E-024
   8.660300E+000   8.032231E-025   1.031994E-024   5.885507E-027   4.990295E-032   4.060769E-035   1.841103E-024
   8.706300E+000   6.974750E-025   8.808071E-025   6.012352E-027   5.410480E-032   4.904460E-035   1.584295E-024
   8.752600E+000   5.898606E-025   7.264550E-025   6.141538E-027   5.863758E-032   5.930672E-035   1.322457E-024
   8.799100E+000   5.012249E-025   5.983837E-025   6.272841E-027   6.350867E-032   7.178264E-035   1.105881E-024
   8.845800E+000   4.339884E-025   5.001240E-025   6.406219E-027   6.874448E-032   8.682981E-035   9.405187E-025
   8.892800E+000   3.841270E-025   4.261813E-025   6.542008E-027   7.438287E-032   1.049986E-034   8.168505E-025
   8.940100E+000   3.470352E-025   3.701811E-025   6.680363E-027   8.045214E-032   1.269426E-034   7.238967E-025
   8.987600E+000   3.190945E-025   3.270519E-025   6.820759E-027   8.696643E-032   1.531846E-034   6.529673E-025
   9.035400E+000   2.977231E-025   2.931857E-025   6.963795E-027   9.397144E-032   1.841885E-034   5.978726E-025
   9.083400E+000   2.811350E-025   2.660709E-025   7.108945E-027   1.014755E-031   2.210695E-034   5.543149E-025
   9.131700E+000   2.681015E-025   2.439719E-025   7.255905E-027   1.095259E-031   2.641127E-034   5.193294E-025
   9.180200E+000   2.577652E-025   2.256751E-025   7.403980E-027   1.181248E-031   3.135371E-034   4.908444E-025
   9.229000E+000   2.495193E-025   2.103123E-025   7.554505E-027   1.273503E-031   3.714040E-034   4.673863E-025
   9.278100E+000   2.429264E-025   1.972606E-025   7.707576E-027   1.372420E-031   4.369383E-034   4.478947E-025
   9.327400E+000   2.376676E-025   1.860494E-025   7.862774E-027   1.478157E-031   5.100955E-034   4.315799E-025
   9.376900E+000   2.335087E-025   1.763376E-025   8.019988E-027   1.591054E-031   5.940442E-034   4.178665E-025
   9.426800E+000   2.302720E-025   1.678694E-025   8.180250E-027   1.712154E-031   6.864126E-034   4.063218E-025
   9.476900E+000   2.278222E-025   1.604305E-025   8.342548E-027   1.841470E-031   7.885471E-034   3.965954E-025
   9.527200E+000   2.260549E-025   1.538623E-025   8.507007E-027   1.979372E-031   9.040289E-034   3.884245E-025
   9.577900E+000   2.248962E-025   1.480442E-025   8.674569E-027   2.127044E-031   1.029264E-033   3.816152E-025
   9.628800E+000   2.242829E-025   1.428725E-025   8.844181E-027   2.284427E-031   1.168040E-033   3.759998E-025
   9.680000E+000   2.241767E-025   1.382687E-025   9.016440E-027   2.452436E-031   1.322637E-033   3.714621E-025
   9.731400E+000   2.245440E-025   1.341621E-025   9.190711E-027   2.631316E-031   1.492997E-033   3.678971E-025
   9.783100E+000   2.253667E-025   1.305030E-025   9.367599E-027   2.822074E-031   1.683016E-033   3.652376E-025
   9.835100E+000   2.266385E-025   1.272464E-025   9.547165E-027   3.025406E-031   1.895134E-033   3.634324E-025
   9.887400E+000   2.283565E-025   1.243637E-025   9.729395E-027   3.242048E-031   2.135038E-033   3.624499E-025
   9.939900E+000   2.305321E-025   1.218172E-025   9.917055E-027   3.473382E-031   2.402592E-033   3.622667E-025
   9.992800E+000   2.331942E-025   1.195949E-025   1.014010E-026   3.732086E-031   2.702708E-033   3.629296E-025
   1.004600E+001   2.363608E-025   1.176825E-025   1.036755E-026   4.008408E-031   3.040944E-033   3.644113E-025
   1.009900E+001   2.400824E-025   1.160571E-025   1.059637E-026   4.300398E-031   3.416020E-033   3.667364E-025
   1.015300E+001   2.444289E-025   1.147351E-025   1.083366E-026   4.616483E-031   3.840153E-033   3.699981E-025
   1.020700E+001   2.494730E-025   1.137127E-025   1.107361E-026   4.951741E-031   4.304311E-033   3.742599E-025
   1.026100E+001   2.553324E-025   1.129909E-025   1.131628E-026   5.306948E-031   4.815100E-033   3.796401E-025
   1.031600E+001   2.621662E-025   1.126096E-025   1.156760E-026   5.691028E-031   5.385814E-033   3.863440E-025
   1.037100E+001   2.701781E-025   1.126003E-025   1.182172E-026   6.097721E-031   5.990758E-033   3.946008E-025
   1.042600E+001   2.796774E-025   1.130067E-025   1.207877E-026   6.528426E-031   6.633664E-033   4.047635E-025
   1.048100E+001   2.911250E-025   1.139353E-025   1.233854E-026   6.983769E-031   7.333166E-033   4.173995E-025
   1.053700E+001   3.052700E-025   1.155474E-025   1.260733E-026   7.475049E-031   8.087901E-033   4.334256E-025
   1.059300E+001   3.232261E-025   1.180773E-025   1.287908E-026   7.994680E-031   8.888997E-033   4.541833E-025
   1.064900E+001   3.455077E-025   1.216309E-025   1.315361E-026   8.543578E-031   9.751646E-033   4.802931E-025
   1.070600E+001   3.691450E-025   1.255327E-025   1.343754E-026   9.134852E-031   1.071296E-032   5.081162E-025
   1.076300E+001   3.954677E-025   1.300519E-025   1.372455E-026   9.759306E-031   1.177097E-032   5.392452E-025
   1.082000E+001   4.316508E-025   1.367804E-025   1.401442E-026   1.041853E-030   1.291513E-032   5.824467E-025
   1.087700E+001   4.827527E-025   1.468264E-025   1.430840E-026   1.111495E-030   1.415852E-032   6.438886E-025
   1.093500E+001   5.559594E-025   1.617710E-025   1.461286E-026   1.186401E-030   1.556455E-032   7.323444E-025
   1.099300E+001   6.652221E-025   1.846504E-025   1.492033E-026   1.265373E-030   1.709472E-032   8.647941E-025
   1.105200E+001   8.399930E-025   2.219237E-025   1.523781E-026   1.350227E-030   1.878591E-032   1.077156E-024
   1.111000E+001   1.152079E-024   2.892872E-025   1.555140E-026   1.437951E-030   2.056380E-032   1.456919E-024
   1.116900E+001   1.795625E-024   4.292957E-025   1.587514E-026   1.532068E-030   2.251720E-032   2.240797E-024
   1.122900E+001   2.688868E-024   6.248448E-025   1.620937E-026   1.633050E-030   2.466868E-032   3.329924E-024
   1.128800E+001   2.395242E-024   5.618579E-025   1.653925E-026   1.737380E-030   2.695073E-032   2.973641E-024
   1.134800E+001   2.032003E-024   4.828970E-025   1.687983E-026   1.849151E-030   2.948177E-032   2.531782E-024
   1.140900E+001   1.684821E-024   4.065758E-025   1.723111E-026   1.968920E-030   3.227284E-032   2.108630E-024
   1.146900E+001   1.345487E-024   3.312747E-025   1.757776E-026   2.092538E-030   3.522314E-032   1.694342E-024
   1.153000E+001   1.092834E-024   2.746993E-025   1.793551E-026   2.224847E-030   3.849872E-032   1.385471E-024
   1.159200E+001   9.341487E-025   2.386592E-025   1.830409E-026   2.366394E-030   4.211834E-032   1.191114E-024
   1.165300E+001   8.483260E-025   2.185480E-025   1.866816E-026   2.512398E-030   4.593584E-032   1.085545E-024
   1.171500E+001   8.163210E-025   2.102022E-025   1.904334E-026   2.668420E-030   5.006816E-032   1.045569E-024
   1.177700E+001   8.251777E-025   2.107699E-025   1.942169E-026   2.832166E-030   5.440068E-032   1.055372E-024
   1.184000E+001   8.636821E-025   2.178530E-025   1.981850E-026   3.008103E-030   5.912234E-032   1.101357E-024
   1.190300E+001   9.150359E-025   2.279478E-025   2.023393E-026   3.195061E-030   6.416312E-032   1.163221E-024
   1.196600E+001   9.542061E-025   2.358529E-025   2.065334E-026   3.391320E-030   6.951830E-032   1.210716E-024
   1.203000E+001   9.607054E-025   2.373007E-025   2.108550E-026   3.600848E-030   7.532672E-032   1.219095E-024
   1.209400E+001   9.386007E-025   2.330409E-025   2.152205E-026   3.820725E-030   8.150578E-032   1.193168E-024
   1.215800E+001   9.128646E-025   2.281985E-025   2.196278E-026   4.051270E-030   8.811152E-032   1.163030E-024
   1.222300E+001   9.078707E-025   2.279008E-025   2.241654E-026   4.297146E-030   9.549809E-032   1.158192E-024
   1.228800E+001   9.384891E-025   2.353476E-025   2.287479E-026   4.554840E-030   1.034014E-031   1.196716E-024
   1.235300E+001   1.012857E-024   2.523917E-025   2.333731E-026   4.824850E-030   1.118891E-031   1.288591E-024
   1.241900E+001   1.133552E-024   2.797611E-025   2.381352E-026   5.112415E-030   1.210520E-031   1.437132E-024
   1.248500E+001   1.290077E-024   3.153000E-025   2.429386E-026   5.413496E-030   1.306921E-031   1.629676E-024
   1.255100E+001   1.444439E-024   3.508385E-025   2.477871E-026   5.728573E-030   1.409208E-031   1.820062E-024
   1.261800E+001   1.539981E-024   3.742245E-025   2.527748E-026   6.063830E-030   1.519802E-031   1.939489E-024
   1.268500E+001   1.526041E-024   3.737873E-025   2.578061E-026   6.414449E-030   1.636735E-031   1.925615E-024
   1.275200E+001   1.319118E-024   3.270742E-025   2.628831E-026   6.781077E-030   1.760015E-031   1.672488E-024
   1.282000E+001   1.094032E-024   2.760012E-025   2.680981E-026   7.170615E-030   1.893048E-031   1.396850E-024
   1.288800E+001   9.212988E-025   2.372230E-025   2.733604E-026   7.577693E-030   2.033666E-031   1.185866E-024
   1.295600E+001   7.953750E-025   2.091315E-025   2.778322E-026   7.978862E-030   2.186678E-031   1.032298E-024
   1.302500E+001   7.068508E-025   1.895399E-025   2.822966E-026   8.399931E-030   2.354718E-031   9.246290E-025
   1.309500E+001   6.473261E-025   1.766036E-025   2.868779E-026   8.845322E-030   2.536334E-031   8.526266E-025
   1.316400E+001   6.108628E-025   1.690037E-025   2.913632E-026   9.300368E-030   2.724930E-031   8.090124E-025
   1.323400E+001   5.934882E-025   1.659471E-025   2.959547E-026   9.781204E-030   2.929282E-031   7.890408E-025
   1.330400E+001   5.916119E-025   1.666381E-025   3.005552E-026   1.028049E-029   3.145741E-031   7.883161E-025
   1.337500E+001   5.985465E-025   1.694550E-025   3.052681E-026   1.080767E-029   3.378910E-031   7.985394E-025
   1.344600E+001   6.011846E-025   1.710115E-025   3.099860E-026   1.135488E-029   3.624899E-031   8.032064E-025
   1.351800E+001   5.855907E-025   1.676738E-025   3.148143E-026   1.193218E-029   3.898215E-031   7.847582E-025
   1.359000E+001   5.514473E-025   1.593229E-025   3.196457E-026   1.253128E-029   4.192579E-031   7.427477E-025
   1.366200E+001   5.113087E-025   1.492500E-025   3.244814E-026   1.315260E-029   4.504666E-031   6.930205E-025
   1.373400E+001   4.758720E-025   1.403127E-025   3.293154E-026   1.379634E-029   4.834242E-031   6.491305E-025
   1.380700E+001   4.489814E-025   1.335576E-025   3.342664E-026   1.447451E-029   5.215224E-031   6.159806E-025
   1.388100E+001   4.308326E-025   1.290735E-025   3.393224E-026   1.518879E-029   5.662023E-031   5.938541E-025
   1.395500E+001   4.211860E-025   1.268262E-025   3.443844E-026   1.592876E-029   6.141795E-031   5.824671E-025
   1.402900E+001   4.204835E-025   1.269600E-025   3.494412E-026   1.669517E-029   6.654426E-031   5.824050E-025
   1.410300E+001   4.278530E-025   1.292724E-025   3.548377E-026   1.750492E-029   7.220451E-031   5.926274E-025
   1.417800E+001   4.323874E-025   1.308206E-025   3.607367E-026   1.837681E-029   7.924179E-031   5.993008E-025
   1.425400E+001   4.180061E-025   1.271969E-025   3.667794E-026   1.929517E-029   8.697553E-031   5.819011E-025
   1.432900E+001   3.940923E-025   1.209130E-025   3.727208E-026   2.023324E-029   9.524845E-031   5.522985E-025
   1.440500E+001   3.747550E-025   1.158386E-025   3.787968E-026   2.122041E-029   1.043667E-030   5.284955E-025
   1.448200E+001   3.615875E-025   1.124372E-025   3.850108E-026   2.225928E-029   1.151855E-030   5.125492E-025
   1.455900E+001   3.525888E-025   1.101602E-025   3.912480E-026   2.333612E-029   1.272267E-030   5.018983E-025
   1.463600E+001   3.461406E-025   1.085737E-025   3.974972E-026   2.445116E-029   1.403731E-030   4.944898E-025
   1.471400E+001   3.412898E-025   1.074260E-025   4.038904E-026   2.562359E-029   1.549075E-030   4.891320E-025
   1.479200E+001   3.374988E-025   1.065633E-025   4.102951E-026   2.683748E-029   1.708945E-030   4.851202E-025
   1.487100E+001   3.344468E-025   1.059045E-025   4.168408E-026   2.811265E-029   1.887774E-030   4.820654E-025
   1.495000E+001   3.319483E-025   1.053968E-025   4.234004E-026   2.943223E-029   2.083173E-030   4.797166E-025
   1.502900E+001   3.298825E-025   1.050050E-025   4.299732E-026   3.079764E-029   2.296687E-030   4.779179E-025
   1.510900E+001   3.281763E-025   1.047172E-025   4.366846E-026   3.223029E-029   2.533094E-030   4.765968E-025
   1.519000E+001   3.267900E-025   1.045222E-025   4.435385E-026   3.373379E-029   2.796793E-030   4.757026E-025
   1.527000E+001   3.257207E-025   1.044104E-025   4.502743E-026   3.526567E-029   3.082704E-030   4.751969E-025
   1.535200E+001   3.249635E-025   1.043971E-025   4.572967E-026   3.689617E-029   3.401495E-030   4.751305E-025
   1.543300E+001   3.245799E-025   1.044858E-025   4.644037E-026   3.857491E-029   3.746321E-030   4.755484E-025
   1.551500E+001   3.246435E-025   1.047084E-025   4.716580E-026   4.033410E-029   4.126877E-030   4.765622E-025
   1.559800E+001   3.253191E-025   1.051147E-025   4.790587E-026   4.217854E-029   4.547834E-030   4.783864E-025
   1.568100E+001   3.269299E-025   1.057980E-025   4.864750E-026   4.408385E-029   5.007188E-030   4.814245E-025
   1.576400E+001   3.300098E-025   1.069169E-025   4.939046E-026   4.605245E-029   5.508386E-030   4.863687E-025
   1.584800E+001   3.346384E-025   1.085045E-025   5.014827E-026   4.811309E-029   6.059975E-030   4.933454E-025
   1.593200E+001   3.381551E-025   1.097749E-025   5.090781E-026   5.024118E-029   6.660053E-030   4.988947E-025
   1.601700E+001   3.403097E-025   1.106542E-025   5.168077E-026   5.246822E-029   7.318985E-030   5.027044E-025
   1.610200E+001   3.456984E-025   1.125029E-025   5.245669E-026   5.476605E-029   8.036306E-030   5.107209E-025
   1.618700E+001   3.575891E-025   1.163074E-025   5.323222E-026   5.713693E-029   8.815821E-030   5.271946E-025
   1.627300E+001   3.825301E-025   1.240642E-025   5.402248E-026   5.961576E-029   9.670477E-030   5.606861E-025
   1.636000E+001   4.372983E-025   1.408687E-025   5.482783E-026   6.220631E-029   1.060295E-029   6.330676E-025
   1.644700E+001   5.026447E-025   1.609959E-025   5.563333E-026   6.487855E-029   1.160855E-029   7.193504E-025
   1.653400E+001   4.597616E-025   1.484182E-025   5.644015E-026   6.763195E-029   1.269767E-029   6.647002E-025
   1.662200E+001   4.196729E-025   1.366041E-025   5.726095E-026   7.050740E-029   1.389004E-029   6.136223E-025
   1.671000E+001   4.107232E-025   1.342273E-025   5.808271E-026   7.347111E-029   1.517859E-029   6.031219E-025
   1.679900E+001   4.141356E-025   1.356265E-025   5.891245E-026   7.655534E-029   1.656538E-029   6.087676E-025
   1.688800E+001   4.204637E-025   1.379346E-025   5.973863E-026   7.972871E-029   1.803798E-029   6.182347E-025
   1.697800E+001   4.244087E-025   1.395288E-025   6.058047E-026   8.303806E-029   1.964077E-029   6.246206E-025
   1.706800E+001   4.230652E-025   1.394846E-025   6.142025E-026   8.644351E-029   2.136669E-029   6.240778E-025
   1.715900E+001   4.166756E-025   1.378819E-025   6.227442E-026   8.999456E-029   2.324332E-029   6.169452E-025
   1.725000E+001   4.104715E-025   1.363214E-025   6.312914E-026   9.364726E-029   2.523900E-029   6.100409E-025
   1.734200E+001   4.126904E-025   1.373995E-025   6.399648E-026   9.745366E-029   2.736537E-029   6.142112E-025
   1.743400E+001   3.885793E-025   1.301960E-025   6.486327E-026   1.013680E-028   2.963756E-029   5.837696E-025
   1.752700E+001   3.547926E-025   1.198824E-025   6.574319E-026   1.054447E-028   3.209816E-029   5.405557E-025
   1.762000E+001   3.345921E-025   1.138080E-025   6.662291E-026   1.096337E-028   3.473224E-029   5.151673E-025
   1.771400E+001   3.225201E-025   1.102827E-025   6.751574E-026   1.139962E-028   3.753913E-029   5.004700E-025
   1.780800E+001   3.170393E-025   1.088400E-025   6.840682E-026   1.184768E-028   4.043543E-029   4.944451E-025
   1.790200E+001   3.085773E-025   1.064356E-025   6.929632E-026   1.230796E-028   4.348307E-029   4.844758E-025
   1.799800E+001   2.923418E-025   1.015216E-025   7.021470E-026   1.279273E-028   4.678418E-029   4.642528E-025
   1.809300E+001   2.797676E-025   9.775616E-026   7.111604E-026   1.328434E-028   5.025835E-029   4.488229E-025
   1.818900E+001   2.708047E-025   9.514157E-026   7.202938E-026   1.379529E-028   5.397152E-029   4.381676E-025
   1.828600E+001   2.637802E-025   9.314510E-026   7.296053E-026   1.432715E-028   5.784355E-029   4.300869E-025
   1.838300E+001   2.578938E-025   9.150593E-026   7.389987E-026   1.487515E-028   6.182001E-029   4.235102E-025
   1.848100E+001   2.527428E-025   9.009784E-026   7.485388E-026   1.544484E-028   6.606064E-029   4.179150E-025
   1.857900E+001   2.481046E-025   8.884143E-026   7.580391E-026   1.602922E-028   7.052535E-029   4.129808E-025
   1.867800E+001   2.438259E-025   8.768669E-026   7.676759E-026   1.663626E-028   7.528095E-029   4.085219E-025
   1.877700E+001   2.398021E-025   8.659013E-026   7.772937E-026   1.725877E-028   8.022934E-029   4.043744E-025
   1.887700E+001   2.359476E-025   8.552288E-026   7.870393E-026   1.790503E-028   8.524291E-029   4.004387E-025
   1.897700E+001   2.322122E-025   8.446281E-026   7.967674E-026   1.856773E-028   9.039791E-029   3.966278E-025
   1.907800E+001   2.285574E-025   8.340069E-026   8.066051E-026   1.925539E-028   9.585395E-029   3.929071E-025
   1.918000E+001   2.249723E-025   8.233507E-026   8.165810E-026   1.996873E-028   1.016133E-028   3.892668E-025
   1.928100E+001   2.214674E-025   8.127031E-026   8.263464E-026   2.069110E-028   1.075687E-028   3.856868E-025
   1.938400E+001   2.180351E-025   8.021784E-026   8.364166E-026   2.144905E-028   1.138523E-028   3.822229E-025
   1.948700E+001   2.146969E-025   7.918560E-026   8.464332E-026   2.222561E-028   1.200509E-028   3.788681E-025
   1.959100E+001   2.114550E-025   7.817989E-026   8.565710E-026   2.303058E-028   1.265451E-028   3.756489E-025
   1.969500E+001   2.083104E-025   7.720373E-026   8.666881E-026   2.385507E-028   1.332834E-028   3.725548E-025
   1.979900E+001   2.052703E-025   7.625982E-026   8.767455E-026   2.469917E-028   1.402729E-028   3.695920E-025
   1.990500E+001   2.023177E-025   7.534983E-026   8.870778E-026   2.558369E-028   1.477052E-028   3.667789E-025
   2.001000E+001   1.994687E-025   7.447238E-026   8.974637E-026   2.648637E-028   1.552862E-028   3.641076E-025
   2.011700E+001   1.966992E-025   7.362555E-026   9.081681E-026   2.743304E-028   1.630651E-028   3.615790E-025
   2.022400E+001   1.940151E-025   7.280701E-026   9.188356E-026   2.840224E-028   1.711242E-028   3.591608E-025
   2.033100E+001   1.914096E-025   7.201484E-026   9.294470E-026   2.939409E-028   1.795694E-028   3.568426E-025
   2.043900E+001   1.888757E-025   7.124721E-026   9.401750E-026   3.042101E-028   1.886620E-028   3.546333E-025
   2.054800E+001   1.864045E-025   7.050195E-026   9.510173E-026   3.148389E-028   1.982888E-028   3.525213E-025
   2.065700E+001   1.840015E-025   6.977762E-026   9.618031E-026   3.257116E-028   2.082798E-028   3.504934E-025
   2.076700E+001   1.816506E-025   6.907122E-026   9.727089E-026   3.369595E-028   2.186816E-028   3.485483E-025
   2.087700E+001   1.793564E-025   6.838168E-026   9.835447E-026   3.484616E-028   2.294330E-028   3.466704E-025
   2.098800E+001   1.771108E-025   6.770824E-026   9.944933E-026   3.603560E-028   2.406981E-028   3.448694E-025
   2.110000E+001   1.749144E-025   6.705115E-026   1.005558E-025   3.726551E-028   2.524253E-028   3.431464E-025
   2.121200E+001   1.727692E-025   6.640825E-026   1.016554E-025   3.852346E-028   2.645178E-028   3.414825E-025
   2.132400E+001   1.706736E-025   6.577993E-026   1.027472E-025   3.980922E-028   2.770182E-028   3.398759E-025
   2.143800E+001   1.686165E-025   6.516467E-026   1.038663E-025   4.115178E-028   2.903929E-028   3.383494E-025
   2.155200E+001   1.666028E-025   6.456233E-026   1.049792E-025   4.252482E-028   3.043805E-028   3.368739E-025
   2.166600E+001   1.646370E-025   6.397245E-026   1.060832E-025   4.392782E-028   3.188717E-028   3.354508E-025
   2.178100E+001   1.627083E-025   6.339478E-026   1.071985E-025   4.537777E-028   3.339846E-028   3.340894E-025
   2.189700E+001   1.608160E-025   6.282801E-026   1.083307E-025   4.687639E-028   3.497578E-028   3.327932E-025
   2.201400E+001   1.589538E-025   6.227022E-026   1.094654E-025   4.842396E-028   3.662134E-028   3.315399E-025
   2.213100E+001   1.571292E-025   6.172264E-026   1.105973E-025   5.000585E-028   3.831973E-028   3.303324E-025
   2.224800E+001   1.553403E-025   6.118461E-026   1.117209E-025   5.162208E-028   4.000644E-028   3.291620E-025
   2.236600E+001   1.535852E-025   6.065699E-026   1.128505E-025   5.328929E-028   4.175853E-028   3.280432E-025
   2.248500E+001   1.518627E-025   6.013936E-026   1.139905E-025   5.501046E-028   4.358138E-028   3.269784E-025
   2.260500E+001   1.501700E-025   5.963065E-026   1.151380E-025   5.678669E-028   4.550410E-028   3.259615E-025
   2.272500E+001   1.485152E-025   5.913208E-026   1.162762E-025   5.860169E-028   4.751054E-028   3.249846E-025
   2.284600E+001   1.468876E-025   5.864205E-026   1.174219E-025   6.047300E-028   4.959676E-028   3.240522E-025
   2.296700E+001   1.452944E-025   5.816140E-026   1.185599E-025   6.238422E-028   5.175070E-028   3.231570E-025
   2.308900E+001   1.437280E-025   5.768951E-026   1.197046E-025   6.435655E-028   5.406161E-028   3.223063E-025
   2.321200E+001   1.421868E-025   5.722508E-026   1.208515E-025   6.639010E-028   5.646632E-028   3.214919E-025
   2.333500E+001   1.406683E-025   5.676613E-026   1.219952E-025   6.846690E-028   5.894804E-028   3.207037E-025
   2.345900E+001   1.391748E-025   5.631486E-026   1.231395E-025   7.060827E-028   6.149765E-028   3.199502E-025
   2.358400E+001   1.377038E-025   5.587043E-026   1.242938E-025   7.281714E-028   6.412042E-028   3.192374E-025
   2.370900E+001   1.362629E-025   5.543417E-026   1.254337E-025   7.507059E-028   6.682385E-028   3.185497E-025
   2.383500E+001   1.348458E-025   5.500572E-026   1.265332E-025   7.736625E-028   6.962652E-028   3.178546E-025
   2.396200E+001   1.334500E-025   5.458441E-026   1.276382E-025   7.973213E-028   7.257864E-028   3.171957E-025
   2.408900E+001   1.320814E-025   5.416994E-026   1.287326E-025   8.214661E-028   7.562443E-028   3.165616E-025
   2.421700E+001   1.307339E-025   5.376310E-026   1.298301E-025   8.463555E-028   7.878190E-028   3.159612E-025
   2.434600E+001   1.294072E-025   5.336269E-026   1.309313E-025   8.720123E-028   8.207043E-028   3.153939E-025
   2.447600E+001   1.281014E-025   5.296829E-026   1.320338E-025   8.984467E-028   8.549232E-028   3.148569E-025
   2.460600E+001   1.268113E-025   5.257803E-026   1.331233E-025   9.254292E-028   8.901519E-028   3.143282E-025
   2.473600E+001   1.255399E-025   5.219237E-026   1.342037E-025   9.529747E-028   9.262480E-028   3.138152E-025
   2.486800E+001   1.242781E-025   5.181107E-026   1.353004E-025   9.816275E-028   9.635723E-028   3.133348E-025
   2.500000E+001   1.230388E-025   5.143521E-026   1.363796E-025   1.010883E-027   1.001417E-027   3.128659E-025
   2.659600E+001   1.096495E-025   4.738222E-026   1.488237E-025   1.420953E-027   1.551713E-027   3.088281E-025
   2.829500E+001   9.760909E-026   4.370430E-026   1.606204E-025   1.999769E-027   2.334474E-027   3.062680E-025
   3.010100E+001   8.635151E-026   4.015040E-026   1.713273E-025   2.844005E-027   3.420218E-027   3.040934E-025
   3.202300E+001   7.567496E-026   3.657683E-026   1.811083E-025   4.143619E-027   4.898552E-027   3.024023E-025
   3.406800E+001   6.566129E-026   3.296688E-026   1.899689E-025   6.235007E-027   6.876824E-027   3.017089E-025
   3.624300E+001   5.650878E-026   2.940486E-026   1.984459E-025   9.720110E-027   9.546063E-027   3.036257E-025
   3.855700E+001   4.838373E-026   2.601655E-026   2.052689E-025   1.548477E-026   1.303593E-026   3.081899E-025
   4.101900E+001   4.136845E-026   2.292045E-026   2.107446E-025   2.494077E-026   1.758194E-026   3.175562E-025
   4.363800E+001   3.546075E-026   2.019648E-026   2.149567E-025   4.009448E-026   2.357231E-026   3.342807E-025
   4.642500E+001   3.059999E-026   1.788538E-026   2.171178E-025   6.339418E-026   3.160390E-026   3.606012E-025
   4.938900E+001   2.668964E-026   1.599123E-026   2.177793E-025   9.801292E-026   4.252015E-026   4.009933E-025
   5.254300E+001   2.360105E-026   1.448565E-026   2.169385E-025   1.474285E-025   5.752459E-026   4.599783E-025
   5.589800E+001   2.119338E-026   1.331462E-026   2.147586E-025   2.151977E-025   7.809619E-026   5.425605E-025
   5.946700E+001   1.930007E-026   1.239464E-026   2.108808E-025   3.038225E-025   1.060623E-025   6.524602E-025
   6.326400E+001   1.773001E-026   1.161258E-026   2.048801E-025   4.136889E-025   1.434228E-025   7.913344E-025
   6.730300E+001   1.627429E-026   1.083309E-026   1.967173E-025   5.427801E-025   1.920987E-025   9.587034E-025
   7.160100E+001   1.474650E-026   9.934460E-027   1.881600E-025   6.922281E-025   2.535168E-025   1.158586E-024
   7.617300E+001   1.305287E-026   8.861630E-027   1.776189E-025   8.509132E-025   3.285227E-025   1.378969E-024
   8.103600E+001   1.122748E-026   7.655123E-027   1.659371E-025   1.012077E-024   4.164703E-025   1.613367E-024
   8.621100E+001   9.401343E-027   6.421742E-027   1.545438E-025   1.174737E-024   5.156719E-025   1.860776E-024
   9.171500E+001   7.715679E-027   5.272492E-027   1.423570E-025   1.321664E-024   6.228806E-025   2.099890E-024
   9.757200E+001   6.258977E-027   4.274384E-027   1.303034E-025   1.449957E-024   7.334271E-025   2.324220E-024
   1.038000E+002   5.056973E-027   3.448901E-027   1.187966E-025   1.556401E-024   8.420401E-025   2.525744E-024
   1.104300E+002   4.092788E-027   2.785763E-027   1.073253E-025   1.628503E-024   9.430874E-025   2.685795E-024
   1.174800E+002   3.331358E-027   2.261533E-027   9.704911E-026   1.679230E-024   1.029752E-024   2.811623E-024
   1.249800E+002   2.733198E-027   1.849561E-027   8.723895E-026   1.696822E-024   1.098286E-024   2.886930E-024
   1.329600E+002   2.261876E-027   1.525096E-027   7.612081E-026   1.642494E-024   1.144432E-024   2.866833E-024
   1.414500E+002   1.885125E-027   1.266338E-027   6.693750E-026   1.582696E-024   1.166885E-024   2.819670E-024
   1.504800E+002   1.579476E-027   1.057224E-027   5.864326E-026   1.502335E-024   1.164674E-024   2.728289E-024
   1.600900E+002   1.331387E-027   8.880675E-028   5.090994E-026   1.398546E-024   1.139954E-024   2.591630E-024
   1.703100E+002   1.130210E-027   7.512860E-028   4.376415E-026   1.276908E-024   1.094237E-024   2.416790E-024
   1.811900E+002   9.657763E-028   6.398518E-028   3.757871E-026   1.154552E-024   1.031476E-024   2.225212E-024
   1.927600E+002   8.300877E-028   5.482400E-028   3.217114E-026   1.032589E-024   9.557423E-025   2.021881E-024
   2.050700E+002   7.169047E-028   4.721525E-028   2.717202E-026   9.046523E-025   8.712723E-025   1.804286E-024
   2.181600E+002   6.216645E-028   4.084142E-028   2.295016E-026   7.874518E-025   7.821731E-025   1.593605E-024
   2.320900E+002   5.408205E-028   3.545489E-028   1.932882E-026   6.795501E-025   6.925023E-025   1.392277E-024
   2.469100E+002   4.717054E-028   3.086958E-028   1.621923E-026   5.812687E-025   6.034719E-025   1.201740E-024
   2.626800E+002   4.122392E-028   2.694105E-028   1.352358E-026   4.917807E-025   5.110892E-025   1.017075E-024
   2.794500E+002   3.608333E-028   2.355686E-028   1.124073E-026   4.130765E-025   4.273719E-025   8.522855E-025
   2.972900E+002   3.161808E-028   2.062688E-028   9.319733E-027   3.448601E-025   3.545545E-025   7.092568E-025
   3.162700E+002   2.772382E-028   1.807910E-028   7.721774E-027   2.868136E-025   2.926150E-025   5.876085E-025
   3.364700E+002   2.431704E-028   1.585521E-028   6.311348E-027   2.346704E-025   2.394235E-025   4.808070E-025
   3.579500E+002   2.133164E-028   1.391016E-028   5.117617E-027   1.900371E-025   1.947582E-025   3.902654E-025
   3.808100E+002   1.870942E-028   1.220375E-028   4.131998E-027   1.529253E-025   1.577793E-025   3.151457E-025
   4.051200E+002   1.640417E-028   1.070535E-028   3.418770E-027   1.258915E-025   1.270766E-025   2.566580E-025
   4.309900E+002   1.437499E-028   9.386864E-029   2.804097E-027   1.025892E-025   1.021163E-025   2.077472E-025
   4.585100E+002   1.258812E-028   8.226140E-029   2.271099E-027   8.245637E-026   8.168827E-026   1.666239E-025
   4.877900E+002   1.101450E-028   7.203816E-029   1.814059E-027   6.529786E-026   6.517429E-026   1.324684E-025
   5.189300E+002   9.629265E-029   6.303271E-029   1.447710E-027   5.162506E-026   5.185216E-026   1.050843E-025
   5.520700E+002   8.409338E-029   5.509854E-029   1.154694E-027   4.076635E-026   4.113443E-026   8.319467E-026
   5.873200E+002   7.336082E-029   4.811223E-029   9.225764E-028   3.223382E-026   3.259839E-026   6.587625E-026
   6.248200E+002   6.392565E-029   4.196288E-029   7.377675E-028   2.550198E-026   2.576612E-026   5.211176E-026
   6.647100E+002   5.563713E-029   3.655506E-029   5.884289E-028   2.011916E-026   2.034486E-026   4.114465E-026
   7.071600E+002   4.835946E-029   3.180092E-029   4.677730E-028   1.581932E-026   1.604035E-026   3.240760E-026
   7.523100E+002   4.197972E-029   2.762838E-029   3.697100E-028   1.236631E-026   1.262978E-026   2.543540E-026
   8.003500E+002   3.639164E-029   2.396815E-029   2.905208E-028   9.612148E-027   9.922441E-027   1.988547E-026
   8.514500E+002   3.150326E-029   2.076206E-029   2.272350E-028   7.437882E-027   7.770313E-027   1.548770E-026
   9.058200E+002   2.723186E-029   1.795684E-029   1.787997E-028   5.791352E-027   6.067758E-027   1.208310E-026
   9.636600E+002   2.350463E-029   1.550581E-029   1.398287E-028   4.482668E-027   4.723193E-027   9.384701E-027
   1.025200E+003   2.025684E-029   1.336712E-029   1.091374E-028   3.463792E-027   3.668480E-027   7.275033E-027
   1.090600E+003   1.743290E-029   1.150553E-029   8.503498E-029   2.672741E-027   2.843994E-027   5.630708E-027
   1.160300E+003   1.497476E-029   9.883633E-030   6.612077E-029   2.058715E-027   2.199523E-027   4.349217E-027
   1.234400E+003   1.284367E-029   8.475962E-030   5.133147E-029   1.583775E-027   1.697454E-027   3.353880E-027
   1.313200E+003   1.099799E-029   7.255797E-030   3.978814E-029   1.216926E-027   1.308005E-027   2.582972E-027
   1.397000E+003   9.401841E-030   6.200109E-030   3.079581E-029   9.340008E-028   1.006337E-027   1.986735E-027
   1.486200E+003   8.022483E-030   5.287278E-030   2.379869E-029   7.159976E-028   7.729991E-028   1.526105E-027
   1.581100E+003   6.833228E-030   4.500087E-030   1.836592E-029   5.483111E-028   5.929308E-028   1.170941E-027
   1.682100E+003   5.809099E-030   3.822187E-030   1.415394E-029   4.194610E-028   4.542078E-028   8.974540E-028
   1.789500E+003   4.929640E-030   3.239993E-030   1.089537E-029   3.206337E-028   3.475304E-028   6.872291E-028
   1.903800E+003   4.175105E-030   2.740673E-030   8.376568E-030   2.448688E-028   2.655877E-028   5.257488E-028
   2.025300E+003   3.529488E-030   2.313667E-030   6.433831E-030   1.868860E-028   2.027852E-028   4.019482E-028
   2.154600E+003   2.977683E-030   1.948877E-030   4.936226E-030   1.425202E-028   1.546958E-028   3.070788E-028
   2.292200E+003   2.506844E-030   1.637956E-030   3.783265E-030   1.086067E-028   1.178944E-028   2.344291E-028
   2.438600E+003   2.106080E-030   1.373540E-030   2.896887E-030   8.270989E-029   8.976733E-029   1.788537E-028
   2.594300E+003   1.765724E-030   1.149241E-030   2.216318E-030   6.295339E-029   6.829020E-029   1.363749E-028
   2.759900E+003   1.477245E-030   9.593701E-031   1.694280E-030   4.789160E-029   5.191162E-029   1.039341E-028
   2.936200E+003   1.233067E-030   7.989191E-031   1.294076E-030   3.640993E-029   3.942644E-029   7.916243E-029
   3.123600E+003   1.027068E-030   6.637865E-031   9.877763E-031   2.767149E-029   2.993458E-029   6.028470E-029
   3.323100E+003   8.534358E-031   5.501169E-031   7.533773E-031   2.101821E-029   2.271100E-029   4.588614E-029
   3.535300E+003   7.075447E-031   4.547738E-031   5.742392E-031   1.595830E-029   1.722224E-029   3.491710E-029
   3.761000E+003   5.852262E-031   3.750087E-031   4.374409E-031   1.211201E-029   1.305244E-029   2.656212E-029
   4.001200E+003   4.828487E-031   3.084156E-031   3.330243E-031   9.188880E-030   9.887439E-030   2.020061E-029
   4.256600E+003   3.974190E-031   2.529914E-031   2.534141E-031   6.969353E-030   7.486964E-030   1.536014E-029
   4.528400E+003   3.262619E-031   2.069540E-031   1.927218E-031   5.283903E-030   5.666417E-030   1.167626E-029
   4.817600E+003   2.671448E-031   1.688130E-031   1.464914E-031   4.004714E-030   4.286813E-030   8.873976E-030
   5.125200E+003   2.181631E-031   1.373194E-031   1.113034E-031   3.034417E-030   3.241966E-030   6.743169E-030
   5.452400E+003   1.776884E-031   1.113777E-031   8.453398E-032   2.298661E-030   2.451084E-030   5.123345E-030
   5.800600E+003   1.443114E-031   9.006592E-032   6.417335E-032   1.740775E-030   1.852389E-030   3.891715E-030
   6.171000E+003   1.168719E-031   7.261400E-032   4.869881E-032   1.317996E-030   1.399573E-030   2.955753E-030
   6.565000E+003   9.438068E-032   5.836786E-032   3.694359E-032   9.976806E-031   1.057063E-030   2.244435E-030
   6.984200E+003   7.599357E-032   4.676997E-032   2.801597E-032   7.550545E-031   7.981147E-031   1.703949E-030
   7.430100E+003   6.100610E-032   3.736245E-032   2.123961E-032   5.713282E-031   6.024835E-031   1.293420E-030
   7.904600E+003   4.882573E-032   2.975115E-032   1.609668E-032   4.322094E-031   4.546605E-031   9.815434E-031
   8.409300E+003   3.895767E-032   2.361675E-032   1.219614E-032   3.269221E-031   3.430392E-031   7.447319E-031
   8.946200E+003   3.098997E-032   1.868783E-032   9.238385E-033   2.472417E-031   2.587551E-031   5.649130E-031
   9.517400E+003   2.457414E-032   1.474123E-032   6.996168E-033   1.869537E-031   1.947893E-031   4.280545E-031
   1.012500E+004   1.942692E-032   1.159202E-032   5.297107E-033   1.413500E-031   1.459874E-031   3.236535E-031
   1.077200E+004   1.530815E-032   9.085709E-033   4.009030E-033   1.068377E-031   1.076380E-031   2.428786E-031
   1.145900E+004   1.202923E-032   7.101679E-033   3.034616E-033   8.076907E-032   7.925478E-032   1.821894E-031
   1.219100E+004   9.421069E-033   5.532580E-033   2.295963E-033   6.103670E-032   5.828202E-032   1.365683E-031
   1.297000E+004   7.355654E-033   4.297074E-033   1.736690E-033   4.611815E-032   4.284857E-032   1.023561E-031
   1.379800E+004   5.726874E-033   3.328200E-033   1.313642E-033   3.484774E-032   3.149837E-032   7.671483E-032
   1.467900E+004   4.445398E-033   2.570420E-033   9.934725E-034   2.632816E-032   2.315388E-032   5.749133E-032
   1.561600E+004   3.440910E-033   1.979747E-033   7.512409E-034   1.989075E-032   1.702197E-032   4.308462E-032
   1.661300E+004   2.655830E-033   1.520623E-033   5.679757E-034   1.502543E-032   1.251360E-032   3.228345E-032
   1.767400E+004   2.044076E-033   1.164844E-033   4.293435E-034   1.134860E-032   9.197579E-033   2.418444E-032
   1.880200E+004   1.569256E-033   8.902073E-034   3.245412E-034   8.571951E-033   6.760532E-033   1.811649E-032
   2.000300E+004   1.201472E-033   6.785575E-034   2.452561E-034   6.473180E-033   4.967989E-033   1.356645E-032
   2.128000E+004   9.176506E-034   5.160830E-034   1.853407E-034   4.888471E-033   3.650659E-033   1.015820E-032
   2.263900E+004   6.991630E-034   3.916206E-034   1.400384E-034   3.691218E-033   2.682280E-033   7.604320E-033
   2.408400E+004   5.315291E-034   2.965800E-034   1.058082E-034   2.787314E-033   1.970778E-033   5.692009E-033
   2.562200E+004   4.031659E-034   2.241348E-034   7.993131E-035   2.104453E-033   1.447664E-033   4.259348E-033
   2.725800E+004   3.051730E-034   1.690675E-034   6.037936E-035   1.588843E-033   1.063273E-033   3.186736E-033
   2.899900E+004   2.305248E-034   1.272951E-034   4.560358E-035   1.199432E-033   7.808766E-034   2.383732E-033
   3.085000E+004   1.738299E-034   9.569092E-035   3.444513E-035   9.055199E-034   5.735280E-034   1.783014E-033
   3.282000E+004   1.308346E-034   7.181374E-035   2.601298E-035   6.835533E-034   4.212311E-034   1.333446E-033
   3.491600E+004   9.830745E-035   5.381038E-035   1.964351E-035   5.159643E-034   3.093520E-034   9.970776E-034
   3.714500E+004   7.375497E-035   4.026713E-035   1.483361E-035   3.894773E-034   2.271889E-034   7.455219E-034
   3.951700E+004   5.524766E-035   3.008987E-035   1.120025E-035   2.939683E-034   1.668361E-034   5.573422E-034
   4.204000E+004   4.132863E-035   2.245709E-035   8.456647E-036   2.218853E-034   1.225147E-034   4.166423E-034
   4.472500E+004   3.087200E-035   1.673943E-035   6.384474E-036   1.674560E-034   8.995585E-035   3.114077E-034
   4.758000E+004   2.303488E-035   1.246482E-035   4.820137E-036   1.263915E-034   6.605304E-035   2.327644E-034
   5.061800E+004   1.716610E-035   9.271391E-036   3.638886E-036   9.538748E-035   4.850063E-035   1.739645E-034
   5.385000E+004   1.277848E-035   6.889362E-036   2.746920E-036   7.198754E-035   3.561589E-035   1.300182E-034
   5.728900E+004   9.501923E-036   5.114391E-036   2.073455E-036   5.432506E-035   2.615238E-035   9.716720E-035
   6.094700E+004   7.058931E-036   3.793458E-036   1.565096E-036   4.099615E-035   1.920342E-035   7.261705E-035
   6.483800E+004   5.239271E-036   2.811505E-036   1.181366E-036   3.093767E-035   1.409765E-035   5.426747E-035
   6.897800E+004   3.885267E-036   2.082084E-036   8.916698E-037   2.334607E-035   1.034821E-035   4.055330E-035
   7.338300E+004   2.878798E-036   1.540735E-036   6.729696E-037   1.761631E-035   7.596462E-036   3.030528E-035
   7.806800E+004   2.131494E-036   1.139423E-036   5.079132E-037   1.329348E-035   5.576762E-036   2.264907E-035
   8.305300E+004   1.577052E-036   8.421080E-037   3.833190E-037   1.003082E-035   4.093947E-036   1.692725E-035
   8.835600E+004   1.166063E-036   6.220175E-037   2.892872E-037   7.568878E-036   3.005394E-036   1.265164E-035
   9.399800E+004   8.616386E-037   4.591949E-037   2.183145E-037   5.711056E-036   2.206185E-036   9.456389E-036
   1.000000E+005   6.363325E-037   3.388328E-037   1.647502E-037   4.309188E-036   1.547990E-036   6.997094E-036
